state_name,city,county,yr,bptw_yr,ojs_yr,swo_yr,rmoaagptw_yr,ipm_yr,opm_yr,npcacw30dfpd_yr,nscacw30dfpd_yr,nmhacw30dfpd_yr,eff_yr,medical_expenditures,unique_patients
New York,Albany,Albany,FY15,52.12375,3.4715,3.2565,3.482,91.86075,91.79375,97.9955,97.32225,99.37125,95.099,77737,4632
New York,Albany,Albany,FY16,53.11475,3.574,3.2335,3.49025,74.49,89.78175,93.86025,93.93075,97.681,96.493,69628,4573
New York,Albany,Albany,FY17,55.08825,3.68225,3.351,3.516,47.5585,87.859125,84.475,87.39725,93.69025,96.642,76544,4583
New York,Albany,Albany,FY18,62.3515,3.7815,3.539,3.7155,49.354,84.828875,79.09975,81.83425,88.354,97.18,70034,4366
New York,Albany,Albany,FY19,68.352,3.853666667,3.697666667,3.909333333,65.529,85.471,80.21533333,80.54366667,90.42633333,97.006,73634,4310
New Mexico,Albuquerque,Bernalillo,FY15,54.56075,3.5475,3.24975,3.52875,86.515,82.49325,92.7135,94.1305,94.78825,95.64325,266270,18071
New Mexico,Albuquerque,Bernalillo,FY16,58.76575,3.657,3.36875,3.66475,70.55825,85.75425,97.1665,94.38625,90.414,92.158,266831,18272
New Mexico,Albuquerque,Bernalillo,FY17,62.61925,3.8495,3.5165,3.7145,79.53725,85.363125,87.453,83.88475,90.50175,95.066,288655,18253
New Mexico,Albuquerque,Bernalillo,FY18,65.4885,3.8785,3.6145,3.791,82.7755,82.98925,67.15225,64.295,82.0685,92.885,281838,18546
New Mexico,Albuquerque,Bernalillo,FY19,68.32866667,3.922,3.702,3.904,82.099,85.3855,81.368,60.16666667,84.46566667,93.104,320928,18432
Louisiana,Alexandria,Rapides,FY15,60.22825,3.7495,3.422,3.65575,89.2855,88.9035,97.492,92.0985,95.865,94.46525,81717,5207
Louisiana,Alexandria,Rapides,FY16,61.6395,3.811,3.425,3.678,79.57775,87.26575,89.43975,91.68075,97.25,90.763,72244,5220
Louisiana,Alexandria,Rapides,FY17,61.8,3.88775,3.48425,3.68175,82.58225,85.931,90.17775,87.4495,91.70825,95.055,77819,4994
Louisiana,Alexandria,Rapides,FY18,64.1005,3.852,3.537,3.736,80.59725,82.082,65.068,72.6545,86.7165,94.186,83229,5007
Louisiana,Alexandria,Rapides,FY19,65.347,3.850333333,3.583333333,3.812333333,91.096,82.25816667,67.71666667,65.49733333,90.00866667,93.273,90966,5012
Pennsylvania,Altoona,Blair,FY15,49.6505,3.37375,3.11975,3.38275,97.5945,90.389,93.53575,95.063,99.56075,96.064,61520,4898
Pennsylvania,Altoona,Blair,FY16,48.87,3.31875,3.05125,3.36575,96.6415,88.79975,99.957,96.96175,99.93225,95.589,52037,4800
Pennsylvania,Altoona,Blair,FY17,53.957,3.5775,3.24825,3.41675,96.6465,86.926,95.6,92.33075,97.965,96.522,56562,4655
Pennsylvania,Altoona,Blair,FY18,62.631,3.7795,3.554,3.7365,96.65875,83.551,88.99025,71.03825,89.4475,94.928,56114,4637
Pennsylvania,Altoona,Blair,FY19,69.28866667,3.851,3.769333333,3.943666667,97.292,85.00733333,90.71333333,69.776,92.35133333,95.026,61158,4630
Texas,Amarillo,Potter,FY15,55.96275,3.554,3.29925,3.54925,97.81475,90.214,90.425,94.3535,99.741,92.837,69377,3457
Texas,Amarillo,Potter,FY16,57.1705,3.61125,3.30675,3.5705,95.2185,87.7215,72.2825,86.27325,99.48975,92.193,68368,3391
Texas,Amarillo,Potter,FY17,64.139,3.8495,3.62,3.71925,91.68375,87.131375,70.7555,75.38925,97.42225,93.493,72467,3331
Texas,Amarillo,Potter,FY18,69.4985,3.917,3.7425,3.9115,92.7355,84.112,85.0805,68.08475,96.3035,93.172,71073,3333
Texas,Amarillo,Potter,FY19,70.90633333,3.933666667,3.778666667,4.005333333,93.13,84.25283333,90.965,72.515,96.33066667,93.006,72263,3212
Alaska,Anchorage,Alaska,FY15,55.27175,3.50475,3.3065,3.5505,NaN,89.6365,96.11325,98.99575,98.94775,84.7285,123213,9005
Alaska,Anchorage,Alaska,FY16,49.679,3.453,3.19525,3.44775,NaN,87.998,96.29375,97.27625,97.03175,72.183,122428,9158
Alaska,Anchorage,Alaska,FY17,53.62475,3.5905,3.32675,3.483,NaN,87.1775,94.113,91.30275,97.23425,84.945,143010,9019
Alaska,Anchorage,Alaska,FY18,66.748,3.8535,3.7385,3.8465,NaN,83.945375,84.7395,83.7375,91.69325,81.848,156294,9265
Alaska,Anchorage,Alaska,FY19,72.091,3.940666667,3.885,4.01,NaN,85.09116667,89.67,85.34833333,89.23566667,85.726,167531,9469
Michigan,Ann Arbor,Washtenaw,FY15,60.828,3.57875,3.46825,3.703,94.87325,85.00825,93.959,93.09575,98.5545,96.02975,70989,3817
Michigan,Ann Arbor,Washtenaw,FY16,60.2995,3.60325,3.453,3.67825,91.419,86.714,97.84575,85.177,99.60175,95.595,70207,3944
Michigan,Ann Arbor,Washtenaw,FY17,60.34875,3.70625,3.4665,3.61425,89.455,85.649,90.87225,75.029,97.951,96.238,72640,4017
Michigan,Ann Arbor,Washtenaw,FY18,60.066,3.6685,3.4605,3.674,87.9875,81.326375,65.9595,59.951,91.33275,95.548,73503,3989
Michigan,Ann Arbor,Washtenaw,FY19,61.895,3.692666667,3.532,3.782666667,83.35566667,82.8055,62.022,64.693,92.90066667,96.394,85043,3970
North Carolina,Asheville,Buncombe,FY15,68.1135,3.77925,3.62525,3.93775,95.4085,87.3385,99.385,97.79525,99.4995,90.11,113249,7610
North Carolina,Asheville,Buncombe,FY16,70.8995,3.8495,3.76225,3.9965,90.7365,87.24775,94.36275,91.2,99.347,91.699,110115,7785
North Carolina,Asheville,Buncombe,FY17,73.4575,3.98,3.86275,4.0225,85.7705,84.77675,77.1115,75.3765,97.49125,94.935,110385,7814
North Carolina,Asheville,Buncombe,FY18,76.304,4.0355,3.961,4.144,84.7415,82.760625,61.47425,60.5565,93.06175,94.967,113409,7621
North Carolina,Asheville,Buncombe,FY19,76.886,4.041333333,3.982,4.198,88.50333333,84.61083333,67.18866667,64.45766667,92.827,94.842,124126,7710
Georgia,Atlanta,Dekalb,FY15,56.359,3.589,3.37,3.61525,92.30625,89.1595,79.5895,88.45625,99.884,93.67625,205559,13184
Georgia,Atlanta,Dekalb,FY16,57.807,3.666,3.42375,3.63675,83.98375,88.52825,79.041,76.03675,99.69925,92.33,200192,13736
Georgia,Atlanta,Dekalb,FY17,59.376,3.75175,3.442,3.59625,86.9535,86.973,82.1355,75.36625,98.3335,94.54,214826,13669
Georgia,Atlanta,Dekalb,FY18,53.4105,3.5955,3.287,3.47,75.15525,83.082875,45.77075,61.2,90.94025,93.904,212117,13897
Georgia,Atlanta,Dekalb,FY19,54.633,3.623666667,3.318333333,3.531,83.01233333,83.9705,67.52966667,60.136,90.63066667,92.635,21034,14012
Georgia,Augusta,Richmond,FY15,50.2365,3.50725,3.1705,3.43775,94.50475,90.17475,95.549,94.36675,99.12825,89.822,141575,10216
Georgia,Augusta,Richmond,FY16,54.32625,3.59775,3.26625,3.5265,79.311,89.188,91.0075,76.066,97.8425,89.389,150540,10271
Georgia,Augusta,Richmond,FY17,56.40525,3.72125,3.334,3.505,78.62125,87.63525,83.387,76.70025,95.28375,91.872,163218,10639
Georgia,Augusta,Richmond,FY18,54.267,3.6485,3.295,3.5015,79.01125,84.725125,60.04525,72.35325,94.29075,90.992,162261,10806
Georgia,Augusta,Richmond,FY19,55.863,3.659666667,3.357,3.555333333,84.79,85.8825,57.70966667,70.32666667,95.278,91.846,5162,10901
Maryland,Baltimore,Baltimore City,FY15,55.299,3.544,3.302,3.57475,84.27375,86.15775,85.256,95.6325,98.2525,90.689,266686,11461
Maryland,Baltimore,Baltimore City,FY16,61.55275,3.7475,3.498,3.76425,48.132,84.8845,89.4365,91.349,97.702,88.879,246393,11332
Maryland,Baltimore,Baltimore City,FY17,62.49225,3.87975,3.5835,3.723,63.0215,86.467375,97.23975,85.0725,97.259,91.883,224220,10630
Maryland,Baltimore,Baltimore City,FY18,64.905,3.8715,3.6375,3.8005,87.1765,83.764375,84.3475,69.47075,90.23425,90.623,252518,10451
Maryland,Baltimore,Baltimore City,FY19,65.58366667,3.872333333,3.659666667,3.839333333,89.208,84.28416667,69.52366667,66.18266667,90.75766667,90.47,266234,10322
New York,Bath,Steuben,FY15,70.34675,3.90425,3.7615,3.97875,91.5465,89.54725,99.089,85.447,100,94.6155,57851,3622
New York,Bath,Steuben,FY16,70.28825,3.89675,3.78925,3.94425,81.847,88.377,98.432,92.46525,100,95.082,53912,3422
New York,Bath,Steuben,FY17,68.89075,3.891,3.77925,3.84525,85.24675,86.8305,91.31975,89.4105,99.034,97.238,55195,3534
New York,Bath,Steuben,FY18,67.382,3.8445,3.69,3.8775,94.03625,84.2485,84.598,78.55525,98.314,96.712,57146,3509
New York,Bath,Steuben,FY19,69.269,3.878333333,3.712,3.981,94.44866667,84.7995,82.66833333,74.75933333,99.596,96.151,62244,3418
Michigan,Battle Creek,Kalamazoo,FY15,60.377,3.65825,3.469,3.6975,76.424,87.891,98.77925,90.44675,99.15525,94.27,43958,3373
Michigan,Battle Creek,Kalamazoo,FY16,63.387,3.7425,3.561,3.80975,72.6615,86.09475,98.805,92.7155,99.64875,92.691,44572,3463
Michigan,Battle Creek,Kalamazoo,FY17,65.81225,3.81525,3.6725,3.80375,84.0405,85.81225,96.806,91.986,98.43825,95.758,46599,3494
Michigan,Battle Creek,Kalamazoo,FY18,65.3005,3.8125,3.6445,3.809,86.016,83.74025,84.37125,76.083,94.183,96.499,45168,3541
Michigan,Battle Creek,Kalamazoo,FY19,63.82733333,3.796,3.587,3.824,89.99366667,83.9635,79.761,76.85666667,92.58966667,96.251,46549,3533
Florida,Bay Pines,Pinellas,FY15,59.21725,3.57,3.41675,3.687,92.225,90.7535,95.72825,94.4305,99.3945,93.209,487794,33171
Florida,Bay Pines,Pinellas,FY16,60.0105,3.64525,3.47225,3.70625,79.1025,87.47275,96.45825,92.33325,99.82525,92.838,466984,33382
Florida,Bay Pines,Pinellas,FY17,60.9025,3.73525,3.5355,3.67325,82.30125,86.762,85.1525,87.25275,98.55075,94.505,497746,33227
Florida,Bay Pines,Pinellas,FY18,62.4425,3.7485,3.5635,3.737,80.4785,84.45925,62.134,74.01975,92.36625,94.463,471146,32955
Florida,Bay Pines,Pinellas,FY19,63.90133333,3.788666667,3.633333333,3.814333333,75.845,84.71083333,68.98366667,69.71166667,88.70366667,92.765,524653,32963
West Virginia,Beckley,Raleigh,FY15,66.5915,3.71975,3.55025,3.8265,90.978,88.28125,98.159,96.12625,99.195,86.60975,62749,3659
West Virginia,Beckley,Raleigh,FY16,63.8165,3.7565,3.477,3.807,85.534,87.13775,90.5975,92.74575,99.68725,84.758,56031,3678
West Virginia,Beckley,Raleigh,FY17,62.02825,3.7945,3.51975,3.762,89.6025,87.29575,92.7115,87.5825,99.69475,92.716,63317,3572
West Virginia,Beckley,Raleigh,FY18,66.6985,3.851,3.689,3.8995,88.5185,82.34075,83.878,79.89975,98.13,90.595,58622,3551
West Virginia,Beckley,Raleigh,FY19,71.68466667,3.965333333,3.832666667,4.037666667,92.70933333,81.36533333,84.499,80.13366667,97.44666667,86.146,65181,3432
Massachusetts,Bedford,Middlesex,FY15,59.2915,3.6535,3.4135,3.69525,NaN,89.96375,99.85675,96.78475,98.95425,90.0175,268998,14816
Massachusetts,Bedford,Middlesex,FY16,58.93725,3.687,3.38475,3.648,47.2145,89.99025,99.80525,96.297,100,86.191,250187,14718
Massachusetts,Bedford,Middlesex,FY17,60.7105,3.791,3.46625,3.61675,66.20775,90.179375,99.872,90.2975,99.6955,92.584,262295,14669
Massachusetts,Bedford,Middlesex,FY18,62.155,3.762,3.5005,3.6785,60.341,86.332375,98.506,83.869,97.794,90.484,273473,14510
Massachusetts,Bedford,Middlesex,FY19,62.815,3.739,3.513333333,3.736333333,68.47033333,86.6635,98.22466667,78.52933333,98.149,82.037,280194,14176
Texas,Big Spring,Howard,FY15,61.72,3.74075,3.49075,3.7415,NaN,90.188,96.809,97.356,94.40625,91.845,18360,1364
Texas,Big Spring,Howard,FY16,60.46875,3.65575,3.43,3.6595,NaN,88.70525,97.7755,95.776,98.279,84.614,18457,1283
Texas,Big Spring,Howard,FY17,61.9465,3.7795,3.508,3.66425,NaN,87.351375,93.8415,92.878,94.616,94.341,21160,1315
Texas,Big Spring,Howard,FY18,61.3555,3.762,3.4745,3.7175,NaN,84.716,79.53675,79.3745,92.04175,92.995,21963,1301
Texas,Big Spring,Howard,FY19,63.73933333,3.812,3.532666667,3.848,NaN,85.7435,81.678,80.28166667,95.13,95.267,25759,1256
Alabama,Birmingham,"Jefferson, AL",FY15,63.1985,3.6525,3.587,3.752,89.49725,88.8785,98.98675,95.57325,99.80425,94.68275,225147,15224
Alabama,Birmingham,"Jefferson, AL",FY16,63.5125,3.70925,3.59325,3.74175,75.74075,88.42275,96.9265,84.994,98.9485,94.166,219038,15126
Alabama,Birmingham,"Jefferson, AL",FY17,67.3745,3.91075,3.712,3.79825,86.5895,87.332875,91.35175,78.021,96.031,95.185,242622,15306
Alabama,Birmingham,"Jefferson, AL",FY18,64.9155,3.815,3.6365,3.76,92.86775,84.299375,75.311,69.96625,90.783,93.005,236792,15201
Alabama,Birmingham,"Jefferson, AL",FY19,64.50933333,3.775,3.635,3.78,95.74,84.93316667,70.598,69.33566667,92.18666667,94.067,260418,15044
Idaho,Boise,Ada,FY15,66.32425,3.7505,3.69525,3.90325,96.64275,90.1685,97.0515,73.14075,98.40575,93.52775,129472,11541
Idaho,Boise,Ada,FY16,67.6955,3.8165,3.68275,3.88625,83.97,89.23175,95.34775,72.6925,97.9755,90.928,119643,11941
Idaho,Boise,Ada,FY17,68.98,3.8795,3.788,3.88,82.9945,88.673,89.90425,74.93225,96.4955,94.766,137025,12353
Idaho,Boise,Ada,FY18,69.496,3.855,3.8355,3.9585,90.501,84.616375,85.68625,78.5105,94.0895,95.783,146794,13125
Idaho,Boise,Ada,FY19,69.802,3.897333333,3.835333333,4.024666667,90.12133333,84.45,88.05733333,71.76833333,93.316,94.891,154441,13020
Massachusetts,Boston,Suffolk,FY15,66.02775,3.745,3.65575,3.9095,92.243,88.455,97.64225,97.99175,99.80925,95.36175,169200,6263
Massachusetts,Boston,Suffolk,FY16,71.03875,3.871,3.76975,4.01925,75.53975,90.24575,96.9165,95.30025,99.29225,94.101,159673,6155
Massachusetts,Boston,Suffolk,FY17,72.96025,4.00975,3.9225,4.0435,84.39,88.943125,94.9705,91.4245,98.70775,94.829,186099,6122
Massachusetts,Boston,Suffolk,FY18,72.786,3.985,3.898,4.0575,81.19625,85.346,87.14775,86.67775,98.4755,92,169187,6007
Massachusetts,Boston,Suffolk,FY19,74.42333333,4.013,3.937666667,4.12,82.842,85.33566667,87.106,82.787,96.98766667,94.627,194259,5708
New York,Bronx,Bronx,FY15,65.03675,3.769,3.65725,3.875,91.36825,88.395,99.7085,98.5125,99.3615,93.5575,251550,10709
New York,Bronx,Bronx,FY16,65.7155,3.7455,3.6505,3.842,67.08875,86.458,99.26,98.6965,99.816,93.277,242352,10739
New York,Bronx,Bronx,FY17,65.60125,3.81075,3.64725,3.7655,62.25325,87.460625,97.997,96.44275,98.4405,95.015,246481,10509
New York,Bronx,Bronx,FY18,65.9365,3.8545,3.699,3.8215,70.011,84.5345,89.145,85.8105,97.61225,92.957,232332,10157
New York,Bronx,Bronx,FY19,65.77333333,3.831,3.709666667,3.835333333,80.65566667,85.03116667,78.40866667,85.40266667,95.759,92.933,256768,9870
New York,Brooklyn,Kings,FY15,58.14675,3.6055,3.419,3.62975,84.79833333,87.55175,99.729,99.54375,99.89325,92.139,263832,13008
New York,Brooklyn,Kings,FY16,58.15175,3.66175,3.42625,3.63975,65.17575,86.401,99.86075,99.59875,99.809,94.436,251484,12859
New York,Brooklyn,Kings,FY17,59.3175,3.74175,3.47975,3.61425,72.01725,86.33775,97.99,96.5055,98.90075,95.622,243203,12574
New York,Brooklyn,Kings,FY18,61.8145,3.787,3.5485,3.6745,78.793,83.522125,93.28575,90.2465,95.50575,94.477,252041,12290
New York,Brooklyn,Kings,FY19,64.147,3.83,3.611666667,3.756666667,78.49533333,83.98866667,89.90133333,90.41766667,94.602,91.853,271280,12083
New York,Buffalo,"Erie, NY",FY15,59.55325,3.68425,3.44025,3.69025,92.00925,88.63425,97.34425,92.48725,97.59525,93.6005,233120,18687
New York,Buffalo,"Erie, NY",FY16,58.75575,3.681,3.4265,3.67125,70.13875,87.4915,92.468,89.6755,97.64625,95.077,224396,18781
New York,Buffalo,"Erie, NY",FY17,59.704,3.76925,3.4715,3.63975,73.284,87.435625,90.46375,81.68775,97.16025,95.266,239340,18712
New York,Buffalo,"Erie, NY",FY18,59.129,3.7205,3.423,3.646,76.95675,85.409,83.1555,77.81075,93.84125,94.229,251599,18464
New York,Buffalo,"Erie, NY",FY19,60.651,3.708333333,3.465666667,3.721333333,79.00266667,86.4975,85.69033333,76.94633333,94.13366667,95.964,249667,18213
Pennsylvania,Butler,Butler,FY15,68.12525,3.78175,3.6255,3.9455,NaN,91.5845,99.672,99.55825,100,94.515,66453,5509
Pennsylvania,Butler,Butler,FY16,63.5785,3.6935,3.519,3.78225,NaN,90.41475,99.9705,98.96125,100,96.556,57092,5588
Pennsylvania,Butler,Butler,FY17,63.037,3.7505,3.661,3.7545,NaN,89.323,98.985,97.52225,99.57825,96.863,56562,5576
Pennsylvania,Butler,Butler,FY18,60.2775,3.7125,3.479,3.7125,NaN,85.2455,95.41175,81.6105,97.91525,94.402,65518,5638
Pennsylvania,Butler,Butler,FY19,63.482,3.793666667,3.545,3.850333333,NaN,85.40516667,93.30933333,72.35066667,95.85533333,97.141,73839,5627
New York,Canandaigua,Ontario,FY15,66.5605,3.80975,3.63225,3.89075,NaN,87.518,95.53325,94.9645,97.54625,87.469,49507,3090
New York,Canandaigua,Ontario,FY16,63.70275,3.79525,3.5875,3.829,NaN,86.15625,93.0795,89.53125,98.061,83.532,44504,3062
New York,Canandaigua,Ontario,FY17,65.22575,3.897,3.60875,3.77875,NaN,85.02775,86.4895,80.61625,97.29375,91.952,47528,3027
New York,Canandaigua,Ontario,FY18,64.4915,3.8435,3.6395,3.8295,NaN,82.546625,74.84275,73.347,96.945,92.963,47557,2989
New York,Canandaigua,Ontario,FY19,63.58033333,3.795,3.579,3.848,NaN,84.1555,68.66466667,81.49966667,97.56,92.607,52737,2972
Iowa,Central Iowa,Polk,FY15,56.432,3.56125,3.3475,3.62825,89.7765,88.26275,96.46475,97.31575,99.51675,88.61225,130025,9079
Iowa,Central Iowa,Polk,FY16,59.507,3.639,3.42175,3.69125,70.71525,87.6895,96.7205,88.1875,99.497,88.388,120344,9116
Iowa,Central Iowa,Polk,FY17,62.74525,3.72675,3.53475,3.68775,71.772,86.63425,90.457,84.9945,98.6195,95.086,16511,9035
Iowa,Central Iowa,Polk,FY18,66.2825,3.812,3.6445,3.821,72.428,81.9515,71.12175,83.406,95.189,94.381,132974,9166
Iowa,Central Iowa,Polk,FY19,68.04033333,3.855,3.713333333,3.928666667,83.39533333,84.31266667,82.79066667,81.338,93.45366667,92.6,148092,9195
South Carolina,Charleston,Charleston,FY15,57.20525,3.55775,3.3905,3.622,92.25375,90.60275,98.8395,96.3785,98.36425,96.329,154775,11040
South Carolina,Charleston,Charleston,FY16,60.48775,3.632,3.49975,3.66575,85.0505,89.87975,98.728,86.41725,99.31925,96.978,152374,10990
South Carolina,Charleston,Charleston,FY17,62.6765,3.73975,3.6025,3.66975,74.226,88.2135,94.05975,82.012,97.19825,96.913,160464,11103
South Carolina,Charleston,Charleston,FY18,64.5995,3.7805,3.63,3.7675,73.25425,85.1945,79.46725,79.10725,95.96725,97.085,165562,11243
South Carolina,Charleston,Charleston,FY19,64.964,3.793666667,3.643666667,3.838,84.187,85.2975,85.39266667,75.94366667,95.64166667,97.052,174216,11097
Wyoming,Cheyenne,Laramie,FY15,54.362,3.53775,3.27525,3.54725,91.009,88.92225,98.643,90.72,98.6665,94.90175,71761,5017
Wyoming,Cheyenne,Laramie,FY16,58.23975,3.64975,3.43025,3.613,81.4725,87.57575,96.77525,82.93625,93.464,95.575,72635,4948
Wyoming,Cheyenne,Laramie,FY17,67.05275,3.90475,3.7355,3.83025,86.56925,87.074,94.4515,78.3795,85.99875,96.948,79825,5029
Wyoming,Cheyenne,Laramie,FY18,61.6385,3.696,3.5455,3.7075,93.948,85.856625,87.4995,72.906,94.3355,94.843,26742,5046
Wyoming,Cheyenne,Laramie,FY19,59.63333333,3.637666667,3.446666667,3.674333333,95.01,86.24,70.317,79.14733333,93.35466667,94.44,90813,5219
Illinois,Chicago,Cook,FY15,58.67275,3.63475,3.434,3.65525,95.18575,86.7545,98.92925,95.963,99.559,93.91525,863859,55512
Illinois,Chicago,Cook,FY16,62.04225,3.7715,3.5415,3.7635,80.206,85.3865,99.34575,93.312,99.8295,93.815,825057,54256
Illinois,Chicago,Cook,FY17,64.77675,3.88925,3.6375,3.764,72.942,85.159125,98.01775,87.91975,98.982,94.733,897171,53148
Illinois,Chicago,Cook,FY18,66.715,3.88,3.712,3.829,80.92125,83.71425,95.2875,81.03325,95.80225,92.856,900452,51490
Illinois,Chicago,Cook,FY19,67.86966667,3.907333333,3.747333333,3.894666667,78.349,85.3125,93.21766667,79.11233333,97.936,92.736,981828,50859
Ohio,Chillicothe,Ross,FY15,52.2325,3.38525,3.16375,3.47175,91.03175,90.019,96.75225,92.626,97.89325,94.63175,63386,2681
Ohio,Chillicothe,Ross,FY16,54.92525,3.53575,3.253,3.55275,84.60875,87.16975,94.08975,88.03625,96.43175,93.815,59922,2761
Ohio,Chillicothe,Ross,FY17,68.204,3.85025,3.67025,3.827,89.423,86.1975,93.36075,84.47375,95.1265,93.545,68275,2760
Ohio,Chillicothe,Ross,FY18,72.657,3.964,3.8235,3.993,90.7225,83.906125,95.562,76.58375,93.21175,92.96,75941,2903
Ohio,Chillicothe,Ross,FY19,72.281,3.937333333,3.805666667,4.032666667,90.77466667,85.11,97.936,78.668,90.94133333,92.589,84237,2875
Ohio,Cincinnati,Hamilton,FY15,55.9965,3.503,3.32275,3.581,94.00825,88.44825,97.11525,93.406,98.9165,93.55925,203791,13311
Ohio,Cincinnati,Hamilton,FY16,55.12,3.5515,3.31025,3.562,77.56775,86.116,98.28,92.12225,98.63975,90.631,192895,13390
Ohio,Cincinnati,Hamilton,FY17,60.3585,3.76725,3.4955,3.6565,80.0015,85.510875,95.10775,88.34425,98.59525,92.178,214301,13217
Ohio,Cincinnati,Hamilton,FY18,60.7555,3.7585,3.4655,3.715,73.18175,80.835625,78.66875,76.22425,95.12025,90.485,210843,13253
Ohio,Cincinnati,Hamilton,FY19,60.321,3.751666667,3.459666667,3.768333333,81.921,81.5295,86.63133333,78.10133333,95.30733333,91.378,236173,13210
West Virginia,Clarksburg,"Harrison, WV",FY15,52.081,3.45575,3.19725,3.54325,89.81475,89.51675,99.5795,90.59225,98.33775,95.14725,48780,3098
West Virginia,Clarksburg,"Harrison, WV",FY16,58.8315,3.66475,3.38025,3.6485,75.287,88.06175,99.2695,88.18625,97.9725,93.242,45941,3133
West Virginia,Clarksburg,"Harrison, WV",FY17,65.9015,3.92875,3.63275,3.80625,76.69775,88.479625,98.78075,86.1375,95.9995,95.72,46912,2994
West Virginia,Clarksburg,"Harrison, WV",FY18,65.862,3.8495,3.645,3.8685,82.46625,84.96,91.653,79.856,92.29525,95.804,46546,3024
West Virginia,Clarksburg,"Harrison, WV",FY19,64.73433333,3.789,3.619333333,3.884666667,88.34566667,85.6225,89.97633333,85.461,88.34866667,94.734,51357,2944
Ohio,Cleveland,Cuyahoga,FY15,65.89025,3.732,3.6285,3.88525,91.934,90.55775,98.04075,98.5535,99.332,93.269,386106,23482
Ohio,Cleveland,Cuyahoga,FY16,68.132,3.8335,3.69925,3.943,85.702,89.41875,97.862,95.16875,99.53775,91.439,400094,24094
Ohio,Cleveland,Cuyahoga,FY17,71.77575,3.99025,3.85875,3.9675,80.107,87.933125,96.2775,87.06125,97.86925,93.688,425770,24385
Ohio,Cleveland,Cuyahoga,FY18,71.657,3.96,3.8665,3.9965,76.139,83.997875,90.39625,81.139,95.073,93.787,422879,24542
Ohio,Cleveland,Cuyahoga,FY19,72.93633333,3.989333333,3.886333333,4.062333333,80.46266667,84.45833333,90.43133333,79.172,93.744,93.831,453266,24311
Pennsylvania,Coatesville,Chester,FY15,62.5015,3.697,3.5155,3.76225,NaN,90.52125,99.95025,97.70175,99.0445,91.6235,130759,7549
Pennsylvania,Coatesville,Chester,FY16,59.9585,3.68225,3.438,3.699,86.531,87.948,99.90625,95.291,98.3895,86.675,120670,7537
Pennsylvania,Coatesville,Chester,FY17,62.15225,3.82275,3.5585,3.662,84.657,87.22925,98.76925,93.353,97.22275,94.299,140068,7618
Pennsylvania,Coatesville,Chester,FY18,62.6245,3.8025,3.559,3.7525,87.9745,82.916375,91.67325,81.46125,93.99525,91.748,127297,7653
Pennsylvania,Coatesville,Chester,FY19,62.62666667,3.769,3.502666667,3.763333333,93.48233333,83.174,87.30833333,82.522,91.73866667,91.699,143763,7596
Missouri,Columbia MO,Boone,FY15,66.55925,3.70125,3.6585,3.857,95.12775,87.63175,97.65,97.78025,99.91025,94.8625,57659,3719
Missouri,Columbia MO,Boone,FY16,67.87875,3.73675,3.667,3.879,89.63175,88.58925,99.89625,96.74125,100,91.494,52712,3778
Missouri,Columbia MO,Boone,FY17,70.504,3.86625,3.81975,3.916,88.05625,87.93225,96.34175,86.7875,97.506,93.23,57519,3936
Missouri,Columbia MO,Boone,FY18,76.78,4.0405,4.017,4.155,88.62725,83.377375,77.05825,71.29975,91.843,93.524,65824,4146
Missouri,Columbia MO,Boone,FY19,78.23066667,4.066333333,4.073,4.240333333,89.03366667,84.33266667,67.05166667,65.86233333,89.34833333,93.39,72763,4181
South Carolina,Columbia SC,Richland,FY15,52.56825,3.539,3.2065,3.49425,94.0885,90.44525,88.4205,91.10875,95.974,96.37425,166622,15993
South Carolina,Columbia SC,Richland,FY16,56.166,3.64075,3.30775,3.589,87.263,88.5825,93.6335,76.828,97.1355,95.744,167717,16331
South Carolina,Columbia SC,Richland,FY17,60.64125,3.788,3.46725,3.636,88.91,86.86175,83.8985,72.2825,93.13575,96.571,181633,16769
South Carolina,Columbia SC,Richland,FY18,64.0285,3.86,3.604,3.7805,79.26975,83.751125,70.067,65.3255,90.532,96.839,188781,17278
South Carolina,Columbia SC,Richland,FY19,65.68333333,3.864333333,3.645,3.840333333,89.64933333,85.24183333,81.52933333,65.93633333,88.43766667,95.89,201085,17645
Ohio,Columbus,Franklin,FY15,67.4255,3.75375,3.61125,3.84975,NaN,91.1505,89.676,91.98075,98.599,95.0975,187030,19017
Ohio,Columbus,Franklin,FY16,69.037,3.81225,3.6765,3.928,NaN,88.10075,95.7175,80.48725,95.47275,95.547,178228,19325
Ohio,Columbus,Franklin,FY17,68.36425,3.8925,3.723,3.83575,NaN,87.4875,89.9525,78.119,95.453,95.519,207163,19540
Ohio,Columbus,Franklin,FY18,66.144,3.8195,3.6205,3.8665,NaN,84.7155,66.6765,74.38625,94.03075,94.137,223164,19674
Ohio,Columbus,Franklin,FY19,65.135,3.757666667,3.586666667,3.860333333,NaN,85.194,86.82666667,73.668,94.63066667,92.428,239884,19786
Connecticut,Connecticut,New Haven,FY15,56.9865,3.566,3.353,3.61625,91.1405,89.10575,99.93775,98.0725,99.62675,94.7935,283447,14129
Connecticut,Connecticut,New Haven,FY16,59.881,3.667,3.4195,3.689,78.70175,87.338,99.955,96.67775,99.6765,91.575,268897,14030
Connecticut,Connecticut,New Haven,FY17,62.07075,3.7715,3.536,3.69975,71.48975,86.0675,99.41275,91.29075,98.7395,94.998,283093,13843
Connecticut,Connecticut,New Haven,FY18,63.6765,3.782,3.5675,3.782,74.54725,80.799875,97.8155,84.22,95.52575,93.927,286558,13782
Connecticut,Connecticut,New Haven,FY19,63.84466667,3.790333333,3.576333333,3.837333333,78.59733333,82.12233333,97.436,86.67366667,96.53,93.162,314392,13499
Texas,Dallas,Dallas,FY15,56.16275,3.60725,3.3395,3.5385,87.333,88.82475,95.0225,96.50675,98.61675,93.20975,410243,29724
Texas,Dallas,Dallas,FY16,62.065,3.75275,3.514,3.724,68.08225,87.5705,96.8375,97.7635,99.3065,93.091,405855,30043
Texas,Dallas,Dallas,FY17,63.20425,3.832,3.61275,3.71725,85.81275,88.063875,92.91775,92.03925,98.65925,95.01,454254,30177
Texas,Dallas,Dallas,FY18,64.1615,3.8485,3.6385,3.7715,93.92175,85.995375,79.776,74.175,94.41825,94.417,453191,30145
Texas,Dallas,Dallas,FY19,66.01433333,3.86,3.706333333,3.830333333,92.99766667,87.22733333,75.39733333,69.79566667,94.088,92.122,488673,30073
Illinois,Danville,Vermilion,FY15,62.497,3.71625,3.51075,3.79275,91.97175,89.59125,93.306,97.98425,99.3145,92.3945,63348,2768
Illinois,Danville,Vermilion,FY16,64.14,3.80975,3.53325,3.82775,73.497,86.793,83.25425,93.2355,99.2295,90.342,60136,2720
Illinois,Danville,Vermilion,FY17,68.4485,3.93275,3.74175,3.89825,89.6275,86.378,94.5985,86.28725,98.993,94.243,64478,2651
Illinois,Danville,Vermilion,FY18,63.8595,3.787,3.612,3.829,92.0595,83.4225,83.352,75.65825,96.67225,94.167,62976,2575
Illinois,Danville,Vermilion,FY19,61.491,3.735333333,3.535666667,3.791,93.32766667,84.57416667,92.61266667,75.00166667,96.60533333,95.226,66083,2533
Ohio,Dayton,Montgomery,FY15,61.99625,3.68875,3.499,3.74025,91.61825,88.1515,95.50325,97.0095,99.537,92.87175,185809,12231
Ohio,Dayton,Montgomery,FY16,63.781,3.75825,3.5525,3.76325,77.021,86.176,92.72025,94.19125,99.3025,88.286,187050,12379
Ohio,Dayton,Montgomery,FY17,67.353,3.90025,3.71075,3.81125,85.63975,85.685125,93.34475,89.7905,98.65,92.706,203573,12635
Ohio,Dayton,Montgomery,FY18,66.632,3.8615,3.7065,3.855,89.29675,83.062125,84.63975,76.00425,96.85825,92.508,203477,12717
Ohio,Dayton,Montgomery,FY19,66.475,3.845666667,3.698333333,3.898,87.303,83.887,83.00866667,77.439,96.62333333,91.994,227726,12951
Colorado,Denver,Denver,FY15,48.7425,3.42925,3.06675,3.339,90.204,88.58025,72.081,83.6105,95.493,93.28125,158967,9197
Colorado,Denver,Denver,FY16,48.5735,3.48375,3.01,3.3165,71.6505,88.4355,64.45925,75.13375,97.17525,90.226,148893,9341
Colorado,Denver,Denver,FY17,55.84875,3.716,3.3115,3.48425,82.84475,86.39,50.53275,74.13225,90.3305,95.757,164468,9257
Colorado,Denver,Denver,FY18,56.1755,3.679,3.29,3.5325,88.08475,82.460875,40.01125,73.141,88.542,92.28,155620,9102
Colorado,Denver,Denver,FY19,58.25566667,3.671,3.348,3.632333333,87.99466667,83.30533333,57.083,67.55366667,86.67433333,92.985,152846,9000
Michigan,Detroit,Wayne,FY15,58.7765,3.64825,3.4155,3.6355,94.0455,87.01425,99.831,95.44425,99.60925,96.47,317921,23951
Michigan,Detroit,Wayne,FY16,56.67275,3.646,3.36025,3.60675,77.96375,85.27075,99.638,88.54175,99.79125,96.153,299580,23973
Michigan,Detroit,Wayne,FY17,54.552,3.67225,3.32875,3.49425,82.75975,83.841375,98.09975,85.3015,97.60075,96.932,319489,23745
Michigan,Detroit,Wayne,FY18,58.924,3.75,3.4405,3.6165,90.75325,82.60375,93.96,80.448,94.78575,96.753,324430,23876
Michigan,Detroit,Wayne,FY19,61.373,3.781,3.528,3.715333333,87.57633333,84.31016667,94.43966667,82.54866667,95.53766667,95.935,360716,23315
Georgia,Dublin,Laurens,FY15,58.4025,3.67625,3.36825,3.65175,88.88375,86.51275,86.16575,90.5865,96.697,94.52525,41320,1955
Georgia,Dublin,Laurens,FY16,57.80275,3.62575,3.37725,3.59175,57.394,84.339,74.709,80.234,97.595,94.446,41922,1905
Georgia,Dublin,Laurens,FY17,60.19025,3.751,3.47725,3.62025,62.13675,83.920375,85.308,71.933,94.53025,94.37,46842,1943
Georgia,Dublin,Laurens,FY18,62.2235,3.795,3.52,3.663,77.1065,82.0815,75.10625,73.644,90.57375,92.598,47218,1980
Georgia,Dublin,Laurens,FY19,63.529,3.783333333,3.578,3.732,91.69266667,84.40916667,65.986,64.32766667,89.36933333,91.993,3584,1963
North  Carolina,Durham,Durham,FY15,62.86675,3.68025,3.5405,3.76525,96.1665,86.93725,86.393,92.59525,98.342,92.13475,132796,5200
North  Carolina,Durham,Durham,FY16,61.7855,3.68725,3.499,3.7305,84.85975,84.6655,91.86425,88.49925,95.9355,92.306,127116,5363
North  Carolina,Durham,Durham,FY17,63.242,3.81875,3.602,3.754,77.77,84.73875,82.83825,81.27575,89.98225,93.451,115499,5407
North  Carolina,Durham,Durham,FY18,64.832,3.8225,3.617,3.7965,82.04575,84.531125,44.49525,63.9245,81.41125,88.783,117961,5411
North  Carolina,Durham,Durham,FY19,65.65933333,3.809333333,3.647,3.857666667,86.78633333,86.07916667,50.454,63.878,82.95533333,88.903,133435,5448
New Jersey,East Orange,Essex,FY15,60.9515,3.676,3.517,3.72025,90.4075,89.9895,99.815,94.4785,98.154,95.1225,130367,6468
New Jersey,East Orange,Essex,FY16,60.7265,3.709,3.497,3.722,68.7015,88.3865,99.93275,95.71925,99.55975,94.722,131952,6401
New Jersey,East Orange,Essex,FY17,61.753,3.822,3.55775,3.7035,60.9815,86.576125,95.192,86.179,97.25175,93.985,129881,6230
New Jersey,East Orange,Essex,FY18,62.1675,3.821,3.581,3.717,74.1035,81.934625,82.34025,72.49875,91.6365,94.114,129912,6091
New Jersey,East Orange,Essex,FY19,63.04766667,3.828666667,3.622,3.764666667,81.86433333,83.35783333,85.12133333,69.607,90.073,93.408,142930,5942
Texas,El Paso,El Paso,FY15,53.25925,3.5205,3.2685,3.4955,NaN,85.24575,92.52275,94.04975,94.8245,88.329,204430,22482
Texas,El Paso,El Paso,FY16,51.55375,3.5445,3.19575,3.41375,NaN,86.217,76.3395,91.01225,89.21025,72.629,191650,23392
Texas,El Paso,El Paso,FY17,55.933,3.70075,3.30925,3.51825,NaN,84.8635,85.138,93.029,93.97575,88.883,250360,23917
Texas,El Paso,El Paso,FY18,60.3985,3.7525,3.522,3.6705,NaN,81.907125,70.013,87.6025,90.976,85.258,255308,24651
Texas,El Paso,El Paso,FY19,62.27366667,3.726,3.539666667,3.700666667,NaN,83.25966667,76.43633333,83.06833333,94.22666667,88.943,277833,24961
Pennsylvania,Erie,Erie,FY15,60.7065,3.599,3.4085,3.7295,87.052,89.7585,99.04725,97.4105,100,96.19025,91866,8493
Pennsylvania,Erie,Erie,FY16,59.00175,3.5985,3.4015,3.66,90.60975,88.8895,96.82025,94.23125,99.85675,96.201,82388,8495
Pennsylvania,Erie,Erie,FY17,60.676,3.7195,3.5525,3.704,86.6295,88.135,89.84975,90.74775,99.1345,96.384,95194,8348
Pennsylvania,Erie,Erie,FY18,64.616,3.763,3.668,3.8315,91.27225,86.019375,72.04725,77.669,95.63575,95.993,95554,8254
Pennsylvania,Erie,Erie,FY19,68.81333333,3.863666667,3.73,3.951666667,94.26766667,86.50516667,78.76333333,77.12333333,95.77433333,94.604,99547,8318
North Dakota,Fargo,Cass,FY15,66.149,3.6675,3.59025,3.88175,91.73925,89.9555,98.835,95.198,99.76925,92.04425,61884,4503
North Dakota,Fargo,Cass,FY16,66.87775,3.7175,3.65,3.894,83.95825,89.0395,97.7315,88.37525,99.31575,89.014,53136,4490
North Dakota,Fargo,Cass,FY17,72.7965,3.94175,3.9075,4.01125,90.16425,88.690625,96.85375,83.93,97.90925,96.899,63244,4530
North Dakota,Fargo,Cass,FY18,74.2935,3.9095,3.953,4.056,88.3815,84.940625,90.5385,71.756,91.55575,95.483,67748,4602
North Dakota,Fargo,Cass,FY19,75.01533333,3.937,3.953666667,4.102333333,89.54033333,84.8725,84.776,65.82533333,88.536,95.123,80932,4728
Arkansas,Fayetteville AR,Washington,FY15,65.27525,3.722,3.61075,3.8805,94.60575,89.3685,96.19125,91.8705,98.815,92.23325,74055,5663
Arkansas,Fayetteville AR,Washington,FY16,61.90375,3.718,3.50375,3.79525,88.788,87.231,99.573,92.5965,99.32425,96.366,60950,5549
Arkansas,Fayetteville AR,Washington,FY17,61.456,3.75275,3.50575,3.6815,85.5045,86.194125,97.172,91.89425,98.32,96.183,68662,5632
Arkansas,Fayetteville AR,Washington,FY18,67.393,3.8655,3.659,3.9,81.04875,83.721,92.99925,83.781,92.47125,96.374,72737,5550
Arkansas,Fayetteville AR,Washington,FY19,68.099,3.894333333,3.67,3.968333333,88.53133333,84.16016667,92.09933333,79.783,89.99566667,96.203,90707,5595
North Carolina,Fayetteville NC,Cumberland,FY15,49.6815,3.47575,3.144,3.4285,93.7395,87.50875,56.4595,87.99725,96.84575,96.577,178070,19586
North Carolina,Fayetteville NC,Cumberland,FY16,52.789,3.58925,3.256,3.4815,84.1375,85.1965,53.24475,72.77375,95.66775,96.629,183473,20782
North Carolina,Fayetteville NC,Cumberland,FY17,54.61775,3.65125,3.315,3.4485,82.842,83.907,76.11225,66.40775,95.492,96.984,212165,21984
North Carolina,Fayetteville NC,Cumberland,FY18,55.625,3.651,3.3385,3.5185,74.47175,83.699,62.8475,63.5745,86.566,96.41,227216,22880
North Carolina,Fayetteville NC,Cumberland,FY19,57.45933333,3.685666667,3.406333333,3.601,86.40566667,85.6495,68.744,60.25766667,83.975,95.42,250923,23722
Maryland,Fort Meade,Anne Arundel,FY15,55.1905,3.5205,3.238,3.62225,93.55675,91.3485,97.12075,90.256,96.902,89.00125,81597,8496
Maryland,Fort Meade,Anne Arundel,FY16,58.23375,3.62675,3.345,3.669,86.0685,89.5635,93.6465,86.3155,98.83675,84.505,83572,8757
Maryland,Fort Meade,Anne Arundel,FY17,55.7375,3.6555,3.3075,3.528,73.402,87.56875,93.25125,82.255,93.7245,93.73,90824,8498
Maryland,Fort Meade,Anne Arundel,FY18,65.3245,3.812,3.567,3.834,73.588,82.909875,89.58925,77.284,90.66,91.591,90373,8747
Maryland,Fort Meade,Anne Arundel,FY19,66.687,3.820666667,3.613333333,3.906,79.584,83.68616667,85.229,77.16633333,94.722,93.665,99984,9154
Indiana,Fort Wayne,Allen,FY15,52.91575,3.50275,3.17675,3.53375,96.0585,91.31025,94.44525,97.566,99.26325,94.082,82246,7391
Indiana,Fort Wayne,Allen,FY16,59.4155,3.6945,3.357,3.6615,85.744,88.56275,94.45275,95.53325,99.91925,88.102,78099,7377
Indiana,Fort Wayne,Allen,FY17,65.788,3.8745,3.5585,3.76725,91.17775,87.46625,80.43125,85.496,98.49075,94.877,8815,7391
Indiana,Fort Wayne,Allen,FY18,63.9455,3.7745,3.525,3.7955,92.11925,82.71425,71.19075,81.1135,94.098,92.687,90156,7285
Indiana,Fort Wayne,Allen,FY19,64.11733333,3.764,3.526,3.854333333,93.598,83.37016667,85.478,74.484,91.943,93.382,103937,7382
California,Fresno,Fresno,FY15,56.008,3.49875,3.31225,3.5765,92.952,89.9925,99.97775,86.447,99.88375,95.5995,199906,14136
California,Fresno,Fresno,FY16,63.65775,3.75325,3.57125,3.8045,66.16525,88.76525,99.9925,91.14875,100,94.943,209310,14556
California,Fresno,Fresno,FY17,66.558,3.84625,3.6855,3.82475,75.083,86.190875,99.59025,84.99,98.077,96.242,219719,14639
California,Fresno,Fresno,FY18,67.2315,3.8725,3.71,3.873,79.72125,84.990125,97.43775,79.37125,92.048,96.366,226593,14552
California,Fresno,Fresno,FY19,67.765,3.880666667,3.709,3.888333333,82.64033333,84.63166667,94.46033333,82.586,95.33466667,93.594,259440,14543
Florida,Gainesville,Alachua,FY15,65.96625,3.7345,3.592,3.863,91.87325,89.1355,86.7035,82.802,96.59075,94.37075,157064,7840
Florida,Gainesville,Alachua,FY16,65.18575,3.7635,3.60925,3.8595,77.41825,87.68225,89.06475,86.063,93.63925,95.64,142399,7691
Florida,Gainesville,Alachua,FY17,67.912,3.8835,3.7295,3.86075,73.8325,86.311375,77.07325,85.90025,91.30225,96.302,154360,7622
Florida,Gainesville,Alachua,FY18,62.8635,3.766,3.567,3.771,74.17325,83.6885,73.396,73.87925,87.352,94.076,153387,7699
Florida,Gainesville,Alachua,FY19,63.71533333,3.782,3.590333333,3.812333333,80.829,84.437,73.08066667,71.64533333,86.89166667,94.931,167235,7735
Colorado,Grand Junction,Mesa,FY15,53.47525,3.451,3.1555,3.4725,92.959,90.497,94.01925,93.8325,98.7845,94.455,99236,6402
Colorado,Grand Junction,Mesa,FY16,54.097,3.5155,3.16775,3.525,78.95,90.85025,86.485,74.295,100,94.787,95268,6468
Colorado,Grand Junction,Mesa,FY17,62.48825,3.80425,3.47175,3.74425,88.16175,89.37,80.243,83.5095,99.367,94.014,104396,6545
Colorado,Grand Junction,Mesa,FY18,62.093,3.7325,3.498,3.8095,87.941,85.009125,63.041,85.33275,98.16425,93.027,110453,6734
Colorado,Grand Junction,Mesa,FY19,63.20366667,3.692666667,3.527,3.889,82.62166667,86.30133333,79.50166667,83.11766667,97.13266667,93.593,123198,6881
Mississippi,Gulf Coast HCS,Harrison,FY15,57.84225,3.629,3.354,3.6495,94.2215,87.8405,87.56175,90.00025,95.4705,89.66325,116660,7999
Mississippi,Gulf Coast HCS,Harrison,FY16,57.973,3.67675,3.37375,3.67875,82.8765,86.30225,87.63625,92.4135,97.681,86.544,108161,8110
Mississippi,Gulf Coast HCS,Harrison,FY17,56.74225,3.76,3.33175,3.56975,87.8585,84.431,85.75525,91.7155,95.86375,92.336,123898,8219
Mississippi,Gulf Coast HCS,Harrison,FY18,61.185,3.8185,3.4605,3.6835,83.086,81.384875,66.4475,77.57425,89.8995,92.414,131498,8342
Mississippi,Gulf Coast HCS,Harrison,FY19,63.74566667,3.845666667,3.540666667,3.785,90.43266667,82.1895,55.606,75.443,87.81866667,91.548,152928,8601
Virginia,Hampton,Hampton City,FY15,52.386,3.563,3.201,3.443,93.3055,86.153,86.3385,91.059,98.63275,96.519,95520,6205
Virginia,Hampton,Hampton City,FY16,55.548,3.632,3.28525,3.49725,79.48875,82.753,87.21375,86.02075,97.93825,96.161,95144,6213
Virginia,Hampton,Hampton City,FY17,57.46775,3.75275,3.44175,3.5575,76.24,81.856,69.25,80.35425,94.405,96.093,101855,6436
Virginia,Hampton,Hampton City,FY18,61.067,3.796,3.532,3.687,79.8095,78.752625,56.3395,61.27625,87.12375,97.191,103264,6539
Virginia,Hampton,Hampton City,FY19,60.74866667,3.775,3.521666667,3.704666667,77.04233333,80.36933333,49.71733333,60.682,88.59233333,97.308,113474,6772
Texas,Harlingen,Cameron,FY15,58.14575,3.6265,3.361,3.706,NaN,89.386,93.94675,96.10875,97.282,85.1015,75718,6721
Texas,Harlingen,Cameron,FY16,61.61175,3.7715,3.4645,3.721,NaN,88.7515,90.572,85.555,96.035,77.277,80134,6931
Texas,Harlingen,Cameron,FY17,64.5365,3.9095,3.59375,3.762,NaN,86.67225,80.8425,81.611,98.76175,89.536,87174,7314
Texas,Harlingen,Cameron,FY18,65.6985,3.9045,3.652,3.8465,NaN,83.6895,73.8655,76.832,98.11675,83.583,91376,7593
Texas,Harlingen,Cameron,FY19,67.581,3.933,3.698666667,3.924333333,NaN,84.641,74.46033333,76.29966667,99.14366667,90.724,105319,7674
Illinois,Hines,Cook,FY15,59.07175,3.60575,3.4075,3.67825,96.20275,89.34825,95.80925,91.15375,99.50475,95.396,863859,55512
Illinois,Hines,Cook,FY16,61.51975,3.71325,3.49725,3.73475,83.62725,88.38975,96.3705,84.9775,99.18925,94.601,825057,54256
Illinois,Hines,Cook,FY17,62.53375,3.8245,3.545,3.73175,88.1335,89.1565,97.14625,86.153,98.8445,94.738,897171,53148
Illinois,Hines,Cook,FY18,65.4935,3.8655,3.6465,3.819,88.37425,85.498125,83.59375,79.82275,97.0095,93.523,900452,51490
Illinois,Hines,Cook,FY19,67.152,3.886666667,3.702,3.893,87.89333333,86.52533333,87.31266667,73.26,97.32266667,94.504,981828,50859
Hawaii,Honolulu,Honolulu,FY15,51.81275,3.524,3.18475,3.48925,NaN,85.24375,86.55725,98.61575,98.96075,92.277,184702,18320
Hawaii,Honolulu,Honolulu,FY16,52.664,3.55975,3.19825,3.485,NaN,86.7315,91.1695,99.15675,98.80025,82.605,201797,19145
Hawaii,Honolulu,Honolulu,FY17,51.43475,3.56575,3.20825,3.37425,NaN,85.1175,76.226,89.025,95.6305,93.802,224394,19010
Hawaii,Honolulu,Honolulu,FY18,53.488,3.623,3.3495,3.48,NaN,79.3005,54.0225,75.53275,92.22175,92.253,236628,19604
Hawaii,Honolulu,Honolulu,FY19,56.56566667,3.664,3.436,3.598,NaN,82.134,55.30533333,70.61533333,93.43833333,93.512,266868,20117
South Dakota,Hot Springs,Fall River,FY15,55.1905,3.5205,3.238,3.62225,92.06266667,91.3485,95.01575,97.30575,95.2795,89.00125,25804,898
South Dakota,Hot Springs,Fall River,FY16,58.23375,3.62675,3.345,3.669,86.0685,89.5635,95.21375,93.52825,99.356,84.505,16062,687
South Dakota,Hot Springs,Fall River,FY17,55.7375,3.6555,3.3075,3.528,73.402,87.56875,95.16425,88.5615,96.07075,93.73,19943,690
South Dakota,Hot Springs,Fall River,FY18,65.3245,3.812,3.567,3.834,73.588,82.909875,89.58925,77.284,90.66,91.591,19770,731
South Dakota,Hot Springs,Fall River,FY19,66.687,3.820666667,3.613333333,3.906,79.584,83.68616667,85.229,77.16633333,94.722,93.665,23050,930
Texas,Houston,Harris,FY15,59.3525,3.66675,3.4995,3.69125,92.56675,87.6425,90.03825,97.30725,97.969,96.2055,653298,47501
Texas,Houston,Harris,FY16,60.4365,3.7205,3.50525,3.68525,82.84475,87.71625,97.4875,98.12425,98.3615,96.56,628912,48811
Texas,Houston,Harris,FY17,62.66825,3.8265,3.58625,3.7005,84.296,87.5515,95.838,93.9435,97.01725,95.654,668405,49223
Texas,Houston,Harris,FY18,64.4835,3.825,3.6435,3.7635,82.098,84.478375,76.12375,81.11825,87.0965,94.871,704116,49443
Texas,Houston,Harris,FY19,63.93866667,3.812666667,3.64,3.787,83.101,84.7295,74.29033333,77.23966667,85.02866667,93.165,784570,50574
New York,Hudson Valley,Westchester,FY15,52.51725,3.4825,3.18725,3.46725,95.3745,89.5735,98.18725,96.7255,99.572,89.661,145944,7894
New York,Hudson Valley,Westchester,FY16,53.8685,3.59175,3.253,3.49875,93.2685,89.82175,99.25025,98.27575,98.9475,87.129,142225,7862
New York,Hudson Valley,Westchester,FY17,58.10225,3.7695,3.4135,3.5825,89.42525,88.92175,99.423,97.548,98.53025,95.527,140398,7551
New York,Hudson Valley,Westchester,FY18,53.9685,3.632,3.2685,3.5135,85.78225,85.2775,96.78125,90.534,95.81125,95.424,131099,7345
New York,Hudson Valley,Westchester,FY19,54.943,3.623666667,3.280333333,3.530666667,91.01133333,85.74166667,95.677,83.69266667,93.42333333,94.38,139263,7058
West Virginia,Huntington,"Wayne, WV",FY15,71.389,3.78025,3.7855,4.021,93.93575,91.46375,98.233,89.345,99.714,92.1455,23100,1622
West Virginia,Huntington,"Wayne, WV",FY16,72.092,3.86175,3.82275,4.046,86.281,88.63575,94.076,87.62725,99.75025,87.889,24437,1636
West Virginia,Huntington,"Wayne, WV",FY17,75.1055,4.04475,3.96575,4.092,76.18375,86.781625,94.33575,84.30125,99.434,94.34,25901,1548
West Virginia,Huntington,"Wayne, WV",FY18,74.0505,3.983,3.883,4.11,85.99775,83.280625,79.786,68.89425,97.15225,91.857,27884,1580
West Virginia,Huntington,"Wayne, WV",FY19,75.079,3.999,3.887333333,4.154333333,93.54266667,82.36566667,81.452,70.14066667,97.61066667,87.524,32984,1588
Indiana,Indianapolis,Marion,FY15,66.15675,3.7355,3.63925,3.8925,96.3835,89.11425,96.928,96.618,99.19175,94.87675,265817,18491
Indiana,Indianapolis,Marion,FY16,65.8565,3.76275,3.6565,3.887,89.4705,86.67225,94.04825,91.31575,99.33975,95.081,265724,18558
Indiana,Indianapolis,Marion,FY17,64.229,3.799,3.6565,3.80525,94.51475,85.97725,93.66725,87.19725,97.71325,94.718,280798,18504
Indiana,Indianapolis,Marion,FY18,61.696,3.737,3.547,3.762,91.72525,83.62325,87.7425,82.2355,87.651,94.078,269119,18340
Indiana,Indianapolis,Marion,FY19,64.799,3.806333333,3.630333333,3.882666667,84.01633333,84.44266667,74.29933333,75.436,82.31333333,94.38,304042,18177
Iowa,Iowa City,Johnson,FY15,62.19725,3.6305,3.52375,3.77325,91.97225,88.56925,98.8795,91.91675,98.374,93.023,25196,1863
Iowa,Iowa City,Johnson,FY16,64.327,3.74575,3.56,3.79125,79.4865,88.00175,98.71725,88.75775,97.5565,89.39,24102,1800
Iowa,Iowa City,Johnson,FY17,67.83225,3.89325,3.713,3.85575,85.17575,86.469125,97.559,84.91175,93.895,94.626,126511,1912
Iowa,Iowa City,Johnson,FY18,69.634,3.9025,3.7745,3.97,85.81625,82.117875,89.447,74.33125,83.6215,93.658,29568,1869
Iowa,Iowa City,Johnson,FY19,69.625,3.871666667,3.732333333,4.018,87.59266667,83.68466667,85.36133333,72.78266667,84.15033333,93.264,31397,1922
Michigan,Iron Mountain,Dickinson,FY15,64.24125,3.66275,3.5315,3.817,96.132,91.3005,98.69625,97.17525,98.4705,95.869,23701,1435
Michigan,Iron Mountain,Dickinson,FY16,63.2615,3.66225,3.54125,3.74875,86.576,89.13825,99.9675,96.09675,99.3425,95.773,20974,1425
Michigan,Iron Mountain,Dickinson,FY17,71.738,3.9225,3.81425,3.899,95.348,88.890375,96.169,90.74075,96.84725,94.908,25149,1427
Michigan,Iron Mountain,Dickinson,FY18,76.046,3.9845,3.942,4.0695,99.238,85.178125,92.04925,75.24,94.79375,90.626,23864,1467
Michigan,Iron Mountain,Dickinson,FY19,78.21166667,4.059,4.005333333,4.179,98.883,85.823,92.92066667,75.26233333,91.66,88.355,28453,1478
Mississippi,Jackson,Hinds,FY15,55.84775,3.60425,3.32175,3.57525,94.914,85.3545,97.739,95.74925,99.21625,91.0235,110912,6595
Mississippi,Jackson,Hinds,FY16,53.25875,3.59825,3.2145,3.49125,90.99275,86.07175,92.93425,97.2575,100,88.28,101506,6446
Mississippi,Jackson,Hinds,FY17,55.6775,3.7035,3.29125,3.51275,91.468,86.55475,88.47475,91.44275,99.5455,91.11,104113,6276
Mississippi,Jackson,Hinds,FY18,62.345,3.8345,3.493,3.724,88.1865,82.473125,74.21475,76.704,97.78525,90.259,104011,6070
Mississippi,Jackson,Hinds,FY19,64.686,3.871666667,3.577,3.798333333,93.052,84.42316667,79.127,73.29366667,97.308,90.546,109197,5884
Missouri,Kansas City,"Jackson, MO",FY15,57.5275,3.5835,3.38975,3.64575,93.2055,86.6285,98.28175,96.885,98.58275,95.48025,194243,14964
Missouri,Kansas City,"Jackson, MO",FY16,60.5425,3.67575,3.47025,3.706,71.05525,85.285,99.384,94.427,97.44175,95.697,204131,15028
Missouri,Kansas City,"Jackson, MO",FY17,61.30575,3.72825,3.5315,3.64375,76.30275,85.169875,95.4355,93.335,98.41425,96.421,219436,15073
Missouri,Kansas City,"Jackson, MO",FY18,63.9995,3.762,3.583,3.746,85.83475,83.639125,79.82825,88.636,96.407,94.463,225541,15222
Missouri,Kansas City,"Jackson, MO",FY19,65.71233333,3.823333333,3.622,3.846666667,91.94633333,84.49283333,80.90566667,80.74466667,96.72333333,93.418,237744,15038
Florida,Lake City,Columbia,FY15,65.96625,3.7345,3.592,3.863,90.183,89.1355,95.98125,95.73575,99.1785,94.37075,77837,3679
Florida,Lake City,Columbia,FY16,65.18575,3.7635,3.60925,3.8595,77.41825,87.68225,90.957,90.908,100,95.64,76677,3781
Florida,Lake City,Columbia,FY17,67.912,3.8835,3.7295,3.86075,73.8325,86.311375,87.17425,86.08425,96.54075,96.302,84575,3784
Florida,Lake City,Columbia,FY18,62.8635,3.766,3.567,3.771,74.17325,83.6885,73.396,73.87925,87.352,94.076,84929,3861
Florida,Lake City,Columbia,FY19,63.71533333,3.782,3.590333333,3.812333333,80.829,84.437,73.08066667,71.64533333,86.89166667,94.931,83461,3790
Nevada,Las Vegas,Clark,FY15,50.85875,3.48975,3.22625,3.4895,93.61875,87.824,92.5255,91.522,95.7215,87.12825,599457,45465
Nevada,Las Vegas,Clark,FY16,54.0225,3.5575,3.3105,3.54225,84.107,86.06025,88.4455,84.2995,95.64425,80.196,550913,47177
Nevada,Las Vegas,Clark,FY17,56.15725,3.65375,3.3935,3.555,80.46725,84.350625,80.652,78.27475,92.99075,93.628,583438,48488
Nevada,Las Vegas,Clark,FY18,57.986,3.654,3.44,3.613,85.20475,82.177875,79.88725,66.331,86.959,93.953,596546,50276
Nevada,Las Vegas,Clark,FY19,60.43266667,3.707666667,3.515,3.715,87.31833333,84.073,75.87633333,59.401,95.81533333,91.716,663197,51666
Kansas,Leavenworth,Leavenworth,FY15,61.76875,3.69,3.47275,3.7745,89.249,87.4465,99.22,94.56175,97.75825,90.7605,63313,3612
Kansas,Leavenworth,Leavenworth,FY16,60.178,3.66025,3.47675,3.728,73.04525,86.37975,98.32225,93.4115,94.7455,90.512,64223,3782
Kansas,Leavenworth,Leavenworth,FY17,61.47425,3.73725,3.54975,3.7045,66.4685,84.610875,92.6395,84.19625,93.93625,94.297,64589,3824
Kansas,Leavenworth,Leavenworth,FY18,61.81,3.7415,3.509,3.7355,65.9945,80.51775,79.33175,73.87375,89.5335,96.291,69322,4028
Kansas,Leavenworth,Leavenworth,FY19,62.27133333,3.744,3.523333333,3.791333333,62.71333333,82.53283333,84.26266667,79.643,89.18033333,93.373,70739,4042
Pennsylvania,Lebanon,Lebanon,FY15,60.581,3.6065,3.488,3.7605,97.999,89.212,99.842,95.03675,95.3575,94.9115,65749,4713
Pennsylvania,Lebanon,Lebanon,FY16,64.875,3.73475,3.59525,3.85175,93.921,89.60775,99.5985,86.77,95.273,93.908,64356,4700
Pennsylvania,Lebanon,Lebanon,FY17,70.2145,3.9335,3.79575,3.92175,92.61325,87.91525,98.34125,81.438,97.415,96.554,66437,4658
Pennsylvania,Lebanon,Lebanon,FY18,72.03,3.953,3.8335,4.0065,87.97875,83.359375,90.5045,62.45575,85.2895,95.333,71934,4743
Pennsylvania,Lebanon,Lebanon,FY19,71.543,3.931666667,3.845333333,4.021666667,77.50166667,83.2145,88.982,60.55933333,84.15833333,96.347,74936,4768
Kentucky,Lexington,Fayette,FY15,61.7205,3.6335,3.4555,3.74425,96.8415,88,69.4215,91.18975,99.05275,94.2475,88637,6291
Kentucky,Lexington,Fayette,FY16,62.07375,3.70025,3.46575,3.72,94.0715,88.657,82.15125,88.4145,98.341,95.132,87828,6282
Kentucky,Lexington,Fayette,FY17,67.08475,3.846,3.649,3.802,93.329,87.738125,92.5735,88.49,98.60175,95.968,89304,6219
Kentucky,Lexington,Fayette,FY18,67.876,3.8605,3.692,3.896,91.54075,84.22425,94.582,82.699,96.436,95.124,90434,6167
Kentucky,Lexington,Fayette,FY19,70.83333333,3.913,3.77,4,92.615,85.25783333,93.62433333,79.52433333,97.197,95.06,99480,6154
Arkansas,Little Rock,Pulaski,FY15,62.488,3.649,3.49025,3.73675,91.99525,87.1485,97.5135,95.529,98.11,92.10775,212260,12738
Arkansas,Little Rock,Pulaski,FY16,62.296,3.706,3.48975,3.7425,86.29,85.48175,94.65125,93.81575,99.10525,95.199,206389,12668
Arkansas,Little Rock,Pulaski,FY17,62.4015,3.77825,3.51775,3.69575,87.64525,84.836625,88.382,92.53,96.9555,94.758,203709,12665
Arkansas,Little Rock,Pulaski,FY18,61.132,3.7395,3.493,3.7075,81.849,80.877375,70.68075,83.4085,90.07225,93.48,209013,12520
Arkansas,Little Rock,Pulaski,FY19,63.71533333,3.780333333,3.563333333,3.808666667,90.107,81.17866667,59.296,79.00266667,86.74233333,94.298,235788,12504
California,Loma Linda,San Bernadino,FY15,52.42525,3.48725,3.24875,3.4745,91.722,87.57925,98.34625,95.273,99.41125,95.3715,366384,28918
California,Loma Linda,San Bernadino,FY16,54.80125,3.591,3.32375,3.55625,78.6625,87.3335,92.73075,92.364,97.835,92.755,368166,28791
California,Loma Linda,San Bernadino,FY17,56.747,3.70475,3.398,3.53275,81.1965,86.59275,84.75125,80.7435,94.3155,95.536,389840,28605
California,Loma Linda,San Bernadino,FY18,58.6315,3.7475,3.4165,3.633,82.06075,83.118375,76.3415,75.42425,83.7085,95.417,413254,28827
California,Loma Linda,San Bernadino,FY19,65.056,3.876333333,3.602,3.840666667,74.17433333,83.5955,77.37066667,75.21033333,83.45966667,95.872,458558,29275
California,Long Beach,Los Angeles ,FY15,60.52925,3.69825,3.47675,3.7395,96.862,90.20375,97.618,96.43675,98.98825,96.18725,1254932,75905
California,Long Beach,Los Angeles ,FY16,62.26575,3.75025,3.5595,3.76,89.02075,89.748,97.11825,91.40625,98.613,94.63,1223248,74863
California,Long Beach,Los Angeles ,FY17,62.047,3.8055,3.59075,3.705,89.38525,87.463,88.64825,86.577,95.73975,95.891,1244051,73710
California,Long Beach,Los Angeles ,FY18,65.0635,3.8415,3.6315,3.7855,91.02475,84.2815,80.753,74.172,91.31975,95.569,1239807,73725
California,Long Beach,Los Angeles ,FY19,67.04966667,3.867333333,3.685333333,3.851333333,83.75933333,83.86633333,85.34666667,73.00633333,90.62566667,93.544,1353994,72759
California,Los Angeles,Los Angeles County,FY15,48.938,3.4395,3.12225,3.38625,93.557,89.57525,95.8515,88.29975,93.659,95.2055,1254932,75905
California,Los Angeles,Los Angeles County,FY16,50.5775,3.52675,3.1825,3.43875,83.89075,89.03125,91.89175,81.51425,91.1155,94.922,1223248,74863
California,Los Angeles,Los Angeles County,FY17,51.592,3.607,3.25025,3.41525,80.963,87.6855,90.83075,74.39575,88.20875,96.724,1244051,73710
California,Los Angeles,Los Angeles County,FY18,53.394,3.624,3.2845,3.4575,84.288,84.203,87.93975,71.8995,78.265,96.67,1239807,73725
California,Los Angeles,Los Angeles County,FY19,56.962,3.69,3.382666667,3.574333333,80.69166667,85.3745,85.48466667,71.955,75.614,95.764,1353994,72759
Kentucky,Louisville,Jefferson,FY15,59.3415,3.59,3.4365,3.6665,92.044,89.5565,99.42975,98.258,99.915,93.8955,184462,16188
Kentucky,Louisville,Jefferson,FY16,61.7395,3.6955,3.57925,3.749,72.00925,88.05125,99.92275,98.02825,99.93275,94.328,180171,16155
Kentucky,Louisville,Jefferson,FY17,62.96925,3.727,3.5905,3.70525,78.404,86.27975,88.69675,93.67425,99.047,93.837,186350,15925
Kentucky,Louisville,Jefferson,FY18,63.8545,3.7505,3.5935,3.7755,70.62325,81.5995,56.69625,78.967,92.7195,93.979,182427,15784
Kentucky,Louisville,Jefferson,FY19,63.684,3.741,3.586333333,3.8,79.541,81.70816667,81.64266667,80.23466667,92.493,96.069,196902,15539
Wisconsin,Madison,Dane,FY15,65.54825,3.69325,3.63225,3.86975,95.5125,91.0225,96.72175,95.1155,100,94.15575,98939,7129
Wisconsin,Madison,Dane,FY16,66.1725,3.73925,3.67675,3.88375,89.97375,88.86575,99.58125,92.36225,99.89325,93.079,95470,7297
Wisconsin,Madison,Dane,FY17,68.30175,3.835,3.81525,3.90475,83.21075,88.302,95.4795,84.82525,99.1965,94.38,97728,7442
Wisconsin,Madison,Dane,FY18,72.6215,3.895,3.879,4.0065,77.52825,84.88925,91.99525,80.28825,97.269,92.603,98405,7440
Wisconsin,Madison,Dane,FY19,74.96633333,3.953666667,3.942333333,4.113333333,90.164,85.42683333,94.81266667,79.84233333,92.171,94.906,112072,7465
New Hampshire,Manchester,Hillsborough,FY15,54.7,3.45175,3.3055,3.51275,NaN,87.80425,99.3505,94.443,98.5385,95.753,92264,8062
New Hampshire,Manchester,Hillsborough,FY16,60.64,3.6705,3.4695,3.68625,NaN,85.9195,95.7755,94.26725,98.94125,97.044,89811,8357
New Hampshire,Manchester,Hillsborough,FY17,61.914,3.773,3.51175,3.63975,NaN,85.548,92.32525,90.28925,95.88775,95.184,104125,8529
New Hampshire,Manchester,Hillsborough,FY18,59.2775,3.6735,3.4525,3.6455,NaN,82.613375,61.2485,78.532,92.2815,93.21,108479,8652
New Hampshire,Manchester,Hillsborough,FY19,67.32766667,3.824666667,3.723666667,3.887,NaN,82.12633333,88.815,73.03066667,91.724,90.723,122650,8704
Illinois,Marion IL,Williamson,FY15,59.7175,3.6245,3.436,3.724,91.531,90.7375,97.8595,92.25275,99.19,89.46875,49663,2796
Illinois,Marion IL,Williamson,FY16,57.80575,3.61325,3.35225,3.61775,85.74675,88.22725,95.1225,86.39125,97.94725,84.115,44525,2807
Illinois,Marion IL,Williamson,FY17,54.49,3.61375,3.28475,3.505,86.407,86.34,92.2865,85.64375,97.3315,87.802,43869,2823
Illinois,Marion IL,Williamson,FY18,56.294,3.6435,3.3185,3.585,85.27275,83.013875,86.58775,74.82475,94.10975,84.895,43683,2807
Illinois,Marion IL,Williamson,FY19,64.493,3.793666667,3.566,3.848,93.02866667,84.64333333,87.01466667,75.683,95.48433333,85.679,51534,2727
West Virginia,Martinsburg,Berkeley,FY15,57.87325,3.5465,3.32575,3.5865,86.0445,90.6745,95.0095,96.65875,96.2105,92.8965,97486,4325
West Virginia,Martinsburg,Berkeley,FY16,56.83025,3.58875,3.326,3.55625,61.244,89.18725,98.9485,89.598,93.50375,88.096,87125,4418
West Virginia,Martinsburg,Berkeley,FY17,62.49925,3.81475,3.5765,3.69975,64.9165,87.388125,95.667,86.729,94.9565,94.442,95573,4549
West Virginia,Martinsburg,Berkeley,FY18,67.863,3.9305,3.7455,3.875,69.32,84.70375,84.163,76.506,89.6195,94.413,93800,4549
West Virginia,Martinsburg,Berkeley,FY19,70.47433333,3.989,3.839333333,3.989333333,74.41566667,85.82766667,83.31266667,76.71066667,83.252,93.512,106908,4621
Tennessee,Memphis,Shelby,FY15,55.68075,3.569,3.29975,3.543,89.51525,88.6515,94.518,96.4445,98.63975,94.0185,259477,17850
Tennessee,Memphis,Shelby,FY16,55.62425,3.57175,3.2775,3.52625,71.32125,87.62325,86.9695,95.6795,96.59075,93.228,259272,17725
Tennessee,Memphis,Shelby,FY17,61.72775,3.768,3.49025,3.6745,65.95425,86.125625,88.855,91.411,94.303,94.227,272325,17353
Tennessee,Memphis,Shelby,FY18,71.3215,3.939,3.785,3.933,59.392,79.906,75.3865,73.5435,88.7705,94.218,277232,16938
Tennessee,Memphis,Shelby,FY19,75.81233333,4.077,3.946,4.027,63.53133333,79.9725,77.611,71.21766667,93.58933333,93.005,305138,17145
Florida,Miami,Mami-Dade,FY15,59.205,3.67,3.41625,3.701,94.73025,87.22325,96.447,95.686,99.48575,94.29475,306344,18508
Florida,Miami,Mami-Dade,FY16,63.2345,3.7615,3.5375,3.7905,82.95475,86.261,95.372,95.01425,99.45525,92.109,290699,18248
Florida,Miami,Mami-Dade,FY17,64.938,3.848,3.60975,3.79,86.85225,85.203375,85.58625,89.5475,97.1745,94.764,311911,18081
Florida,Miami,Mami-Dade,FY18,65.1085,3.846,3.63,3.8005,81.52,81.72625,66.6865,78.34125,91.9805,93.751,322642,18481
Florida,Miami,Mami-Dade,FY19,66.50066667,3.889666667,3.702,3.88,78.05466667,82.76433333,63.75133333,72.54266667,93.82033333,93.11,338726,18683
Wisconsin,Milwaukee,Milwaukee,FY15,66.15225,3.69975,3.60625,3.86825,94.4595,89.0055,99.17525,88.40875,97.74,92.0625,298592,15238
Wisconsin,Milwaukee,Milwaukee,FY16,67.5745,3.74125,3.65225,3.91625,88.902,87.7495,97.097,83.06575,95.8425,91.712,279823,15192
Wisconsin,Milwaukee,Milwaukee,FY17,68.15825,3.82525,3.739,3.8625,84.056,86.260125,87.29375,88.991,96.14175,93.872,296509,15008
Wisconsin,Milwaukee,Milwaukee,FY18,67.8815,3.829,3.732,3.9,75.10925,82.428875,88.16675,78.35425,92.3655,91.948,302076,14871
Wisconsin,Milwaukee,Milwaukee,FY19,70.04833333,3.891,3.804,3.987333333,87.119,83.73683333,95.413,76.818,91.80833333,92.874,327063,14690
Minnesota,Minneapolis,Hennepin,FY15,65.46475,3.6995,3.582,3.82775,95.8265,89.21725,99.2775,96.2945,99.65575,92.772,217317,15722
Minnesota,Minneapolis,Hennepin,FY16,65.71975,3.7295,3.60625,3.84975,89.478,90.16975,98.64425,93.2425,99.6785,92.439,210215,15754
Minnesota,Minneapolis,Hennepin,FY17,69.36025,3.88125,3.75125,3.881,86.007,87.43675,85.531,87.90625,98.3345,93.856,224546,15525
Minnesota,Minneapolis,Hennepin,FY18,71.8035,3.896,3.803,3.9765,90.01075,84.249125,79.62825,75.9085,94.37025,91.857,234542,15625
Minnesota,Minneapolis,Hennepin,FY19,70.62366667,3.852,3.757,3.972,89.66433333,85.64316667,77.38866667,76.998,95.096,93.833,239808,15680
Montana,Montana,Lewis And Clark,FY15,47.5355,3.421,3.06075,3.3765,88.9425,88.162,92.49475,96.8535,96.507,87.249,59093,3534
Montana,Montana,Lewis And Clark,FY16,50.36375,3.5315,3.076,3.4065,70.338,86.835,91.4585,83.78225,95.99425,78.877,54146,3548
Montana,Montana,Lewis And Clark,FY17,46.39475,3.51875,3.003,3.1995,79.20575,85.584875,87.2715,70.84975,90.2025,91.738,58888,3690
Montana,Montana,Lewis And Clark,FY18,48.8455,3.5345,3.0355,3.338,88.75225,82.148125,67.342,68.64275,88.178,91.966,58334,3547
Montana,Montana,Lewis And Clark,FY19,52.70233333,3.591666667,3.136666667,3.52,91.68966667,83.0955,72.22766667,67.29366667,92.05333333,93.95,60424,3694
Alabama,Montgomery,"Montgomery, AL",FY15,50.3265,3.4735,3.09675,3.42775,87.206,89.392,75.076,86.57675,95.9185,95.26075,82630,6932
Alabama,Montgomery,"Montgomery, AL",FY16,52.9165,3.648,3.21,3.48525,80.1155,87.70625,87.143,77.37875,92.43725,93.467,82747,6991
Alabama,Montgomery,"Montgomery, AL",FY17,59.77025,3.82775,3.42225,3.618,72.47825,86.37275,78.0755,70.20775,88.94775,95.918,96146,7037
Alabama,Montgomery,"Montgomery, AL",FY18,56.868,3.7235,3.341,3.541,60.2175,82.27975,60.8615,70.00325,76.4485,95.503,94033,7039
Alabama,Montgomery,"Montgomery, AL",FY19,57.67166667,3.725333333,3.373,3.612333333,75.45766667,82.59316667,52.28633333,66.116,77.20233333,94.681,98495,7234
Idaho,Mountain Home,Elmore,FY15,65.6485,3.701,3.59225,3.88225,94.067,90.26925,88.9775,88.941,99.30175,95.575,12225,1448
Idaho,Mountain Home,Elmore,FY16,65.92325,3.75775,3.6005,3.8915,86.3845,87.51775,89.73675,77.97,99.78925,95.973,12542,1455
Idaho,Mountain Home,Elmore,FY17,68.2025,3.88775,3.7265,3.8935,90.01525,87.593625,88.18875,81.17275,96.75825,96.249,13898,1481
Idaho,Mountain Home,Elmore,FY18,69.5825,3.8695,3.744,3.946,85.36675,83.697,81.7145,68.36475,90.20725,95.183,16871,1616
Idaho,Mountain Home,Elmore,FY19,70.621,3.874333333,3.769666667,3.997333333,89.414,84.63883333,86.55966667,68.032,90.19,94.325,16915,1634
Tennessee,Murfreesboro,Rutherford,FY15,59.09875,3.6335,3.36825,3.675,93.389,86.9855,85.63425,85.91975,99.44725,93.7655,107877,6221
Tennessee,Murfreesboro,Rutherford,FY16,58.7805,3.65975,3.356,3.63525,85.297,84.822,75.4855,88.6655,99.9265,91.291,107456,6497
Tennessee,Murfreesboro,Rutherford,FY17,58.762,3.718,3.4055,3.59675,76.2375,82.774875,54.511,85.71625,98.39925,95.53,114522,6751
Tennessee,Murfreesboro,Rutherford,FY18,61.1145,3.7485,3.493,3.685,83.775,79.548125,64.498,75.37375,94.13075,94.352,110483,6849
Tennessee,Murfreesboro,Rutherford,FY19,63.078,3.770333333,3.562,3.795666667,83.47,81.18333333,70.97033333,74.93833333,93.19233333,93.809,116849,6846
Oaklahoma,Muskogee,Muskogee,FY15,64.3435,3.74875,3.554,3.823,92.55775,86.528,95.0025,93.84825,97.73775,94.3875,45552,3110
Oaklahoma,Muskogee,Muskogee,FY16,63.9655,3.76825,3.54875,3.8305,74.71725,84.725,96.543,87.5165,95.5055,93.131,47181,3247
Oaklahoma,Muskogee,Muskogee,FY17,62.894,3.7735,3.52225,3.73375,73.74125,86.57925,93.76325,84.06975,96.00675,93.701,48796,3128
Oaklahoma,Muskogee,Muskogee,FY18,61.7325,3.767,3.4935,3.733,85.96525,84.498625,87.8915,69.0585,92.1595,91.863,49770,3081
Oaklahoma,Muskogee,Muskogee,FY19,61.61733333,3.766333333,3.467333333,3.756333333,87.50166667,85.6165,91.495,66.61166667,91.85933333,90.983,53452,3134
Tennessee,Nashville,Davidson,FY15,59.09875,3.6335,3.36825,3.675,94.501,86.9855,65.1385,91.08225,95.5555,93.7655,160212,9744
Tennessee,Nashville,Davidson,FY16,58.7805,3.65975,3.356,3.63525,85.297,84.822,59.79775,88.07625,95.72025,91.291,155536,9836
Tennessee,Nashville,Davidson,FY17,58.762,3.718,3.4055,3.59675,76.2375,82.774875,53.3795,84.47325,96.33725,95.53,165072,9754
Tennessee,Nashville,Davidson,FY18,61.1145,3.7485,3.493,3.685,83.775,79.548125,64.498,75.37375,94.13075,94.352,160189,9727
Tennessee,Nashville,Davidson,FY19,63.078,3.770333333,3.562,3.795666667,83.47,81.18333333,70.97033333,74.93833333,93.19233333,93.809,176639,9557
Louisiana,New Orleans,Orleans,FY15,57.24875,3.57975,3.3375,3.6145,NaN,88.26075,93.62875,95.88375,98.50475,92.4815,105246,6875
Louisiana,New Orleans,Orleans,FY16,60.3315,3.65075,3.454,3.718,NaN,88.1105,93.30525,92.95625,98.16975,87.199,107714,7071
Louisiana,New Orleans,Orleans,FY17,62.998,3.79875,3.60025,3.76,NaN,87.465375,87.89775,90.177,92.58925,89.991,127357,7130
Louisiana,New Orleans,Orleans,FY18,61.1055,3.744,3.56,3.704,78.90725,84.746125,83.52975,78.10775,83.714,83.805,156551,7196
Louisiana,New Orleans,Orleans,FY19,61.34733333,3.752,3.578,3.702,78.92733333,85.7785,95.40533333,74.91433333,89.022,82.108,179260,7239
New York,New York,New York,FY15,58.14675,3.6055,3.419,3.62975,87.45025,87.55175,99.58875,99.134,99.2065,92.139,176555,8801
New York,New York,New York,FY16,58.15175,3.66175,3.42625,3.63975,65.17575,86.401,99.02875,99.44175,99.89275,94.436,157232,8602
New York,New York,New York,FY17,59.3175,3.74175,3.47975,3.61425,72.01725,86.33775,98.019,96.05625,98.8235,95.622,157017,8369
New York,New York,New York,FY18,61.8145,3.787,3.5485,3.6745,78.793,83.522125,93.28575,90.2465,95.50575,94.477,157851,8219
New York,New York,New York,FY19,64.147,3.83,3.611666667,3.756666667,78.49533333,83.98866667,89.90133333,90.41766667,94.602,91.853,166282,7935
Illinois,North Chicago,Lake,FY15,53.1015,3.4985,3.31775,3.5215,92.0125,90.91675,99.95825,99.65625,99.5915,93.399,195469,9983
Illinois,North Chicago,Lake,FY16,53.445,3.564,3.328,3.51875,72.3625,87.9955,99.98175,99.29825,99.612,94.635,191387,9992
Illinois,North Chicago,Lake,FY17,55.75575,3.69275,3.43125,3.51925,75.53925,87.3615,99.03225,97.58675,97.687,94.404,206986,9940
Illinois,North Chicago,Lake,FY18,56.92,3.6735,3.4595,3.5875,80.90425,84.366375,96.7555,94.0095,93.6285,91.217,231862,11846
Illinois,North Chicago,Lake,FY19,57.466,3.668666667,3.464333333,3.63,77.15233333,85.15883333,96.70933333,92.3,93.34333333,87.421,225210,11651
Massachusetts,Northampton,Hampshire,FY15,52.4405,3.51325,3.15475,3.55725,NaN,88.38725,93.30575,88.033,99.265,96.19275,52018,2869
Massachusetts,Northampton,Hampshire,FY16,58.911,3.649,3.38175,3.69175,73.98075,87.73725,95.2455,92.568,98.90225,93.567,52060,2943
Massachusetts,Northampton,Hampshire,FY17,68.52675,3.934,3.724,3.8695,87.3705,85.509875,89.2085,90.08175,98.5855,95.846,55760,3034
Massachusetts,Northampton,Hampshire,FY18,65.8175,3.8475,3.683,3.862,90.485,83.251625,91.12475,78.007,96.55325,96.013,54506,3074
Massachusetts,Northampton,Hampshire,FY19,64.23566667,3.800666667,3.611,3.865666667,87.82133333,83.522,92.174,75.64966667,91.379,96.641,58508,3068
New York,Northport,"Suffolk, NY",FY15,64.3345,3.7505,3.589,3.84,94.22875,90.968,99.84325,98.53125,99.7205,92.07775,294543,19101
New York,Northport,"Suffolk, NY",FY16,64.77475,3.79925,3.6,3.883,80.981,89.814,99.91875,97.5645,99.526,85.162,281885,19262
New York,Northport,"Suffolk, NY",FY17,65.14125,3.87,3.62225,3.7975,77.6395,87.195375,97.168,87.7845,95.89125,93.985,291971,18743
New York,Northport,"Suffolk, NY",FY18,63.2725,3.8225,3.5445,3.7255,81.11025,80.47175,88.855,80.22575,91.78575,93.448,284615,18434
New York,Northport,"Suffolk, NY",FY19,62.44033333,3.809333333,3.541333333,3.777666667,86.35166667,82.72483333,87.88433333,81.18566667,93.97066667,95.339,303880,18139
Oaklahoma,Oklahoma City,Oklahoma,FY15,56.31575,3.582,3.35125,3.5755,90.2215,88.71825,97.53975,96.5565,98.5355,93.7835,174225,15910
Oaklahoma,Oklahoma City,Oklahoma,FY16,60.09875,3.69525,3.47225,3.666,67.8395,88.5595,95.1825,89.22275,99.3735,91.057,172220,15827
Oaklahoma,Oklahoma City,Oklahoma,FY17,60.442,3.77825,3.51275,3.632,75.44125,87.95275,94.8415,84.21625,98.3405,95.113,187861,16019
Oaklahoma,Oklahoma City,Oklahoma,FY18,61.304,3.733,3.545,3.679,74.20075,85.317875,72.7555,70.606,96.2495,94.545,198703,16251
Oaklahoma,Oklahoma City,Oklahoma,FY19,62.67,3.728333333,3.575333333,3.769,86.962,86.56133333,67.41133333,68.60033333,96.34133333,93.999,228473,16714
Nebraska,Omaha,"Douglas, NE",FY15,61.50025,3.63225,3.43025,3.703,94.60975,90.69325,99.3165,97.025,99.589,92.72825,147316,9955
Nebraska,Omaha,"Douglas, NE",FY16,61.16725,3.6905,3.45725,3.7275,86.5,88.517,99.13175,91.48225,99.5975,94.681,125847,9903
Nebraska,Omaha,"Douglas, NE",FY17,65.72925,3.8635,3.63975,3.77975,88.82225,87.068875,97.21375,90.01325,97.335,96.083,141982,10218
Nebraska,Omaha,"Douglas, NE",FY18,68.606,3.9085,3.714,3.8915,75.71675,83.8685,85.0625,80.74775,87.78675,93.835,151735,10243
Nebraska,Omaha,"Douglas, NE",FY19,68.931,3.893666667,3.722,3.96,79.514,84.80533333,82.854,79.52966667,87.30266667,95.419,164589,10374
Florida,Orlando,Orange,FY15,67.2555,3.8055,3.65175,3.9305,NaN,86.915,94.504,93.06475,98.76375,90.8735,270230,23322
Florida,Orlando,Orange,FY16,69.94175,3.89175,3.75125,3.98375,66.7015,85.74725,82.3665,90.7715,98.787,89.022,290827,23667
Florida,Orlando,Orange,FY17,69.23375,3.918,3.75725,3.91225,77.3225,85.307125,79.39325,82.03425,95.48775,94.639,304684,24393
Florida,Orlando,Orange,FY18,66.4915,3.831,3.6945,3.8625,76.5695,82.308,81.2305,70.6455,89.9355,95.271,292484,24861
Florida,Orlando,Orange,FY19,65.43766667,3.797333333,3.672666667,3.858333333,79.25433333,85.1425,90.70066667,68.142,86.89666667,92.797,323931,24875
California,Palo Alto,Santa Clara,FY15,61.66325,3.63475,3.54125,3.71725,94.008,89.147,97.10725,94.829,99.27275,94.314,296542,14538
California,Palo Alto,Santa Clara,FY16,61.1425,3.68725,3.515,3.7055,76.53575,87.61925,95.64025,93.3175,96.673,93.449,275741,14375
California,Palo Alto,Santa Clara,FY17,62.26125,3.7685,3.5765,3.674,70.502,86.02975,89.44275,89.92325,91.834,95.027,307122,14247
California,Palo Alto,Santa Clara,FY18,66.5915,3.8625,3.678,3.824,74.37425,81.659,70.61825,85.13025,93.7225,93.037,313739,13795
California,Palo Alto,Santa Clara,FY19,67.412,3.877333333,3.696,3.894333333,70.84366667,84.35233333,74.318,83.49866667,88.572,93.983,331501,13547
Maryland,Perry Point,Cecil,FY15,55.299,3.544,3.302,3.57475,80.17533333,86.15775,87.59075,94.98725,100,90.689,72160,2448
Maryland,Perry Point,Cecil,FY16,61.55275,3.7475,3.498,3.76425,48.132,84.8845,94.296,92.31075,100,88.879,65853,2491
Maryland,Perry Point,Cecil,FY17,62.49225,3.87975,3.5835,3.723,63.0215,86.467375,97.86625,90.813,98.4405,91.883,67848,2504
Maryland,Perry Point,Cecil,FY18,64.905,3.8715,3.6375,3.8005,87.1765,83.764375,84.3475,69.47075,90.23425,90.623,64511,2510
Maryland,Perry Point,Cecil,FY19,65.568,3.867,3.66,3.851,88.823,84.6375,74.943,67.473,91.505,90.47,66505,2538
Pennsylvania,Philadelphia,Philadelphia,FY15,56.37625,3.66525,3.3805,3.6095,89.55275,86.072,97.186,93.29,98.4555,94.48875,315752,19581
Pennsylvania,Philadelphia,Philadelphia,FY16,53.134,3.599,3.27175,3.4975,80.10525,85.577,94.83775,91.78075,99.3245,89.501,304514,19354
Pennsylvania,Philadelphia,Philadelphia,FY17,55.9175,3.71375,3.37275,3.518,74.9005,85.75325,85.432,87.00725,96.38225,94.264,315071,19936
Pennsylvania,Philadelphia,Philadelphia,FY18,61.922,3.7995,3.555,3.725,75.11475,82.4295,61.9315,70.0855,91.9155,95.694,316025,18495
Pennsylvania,Philadelphia,Philadelphia,FY19,64.47466667,3.849,3.642,3.819666667,82.93066667,82.2325,58.90766667,68.14366667,91.62566667,92.663,335938,18114
Arizona,Phoenix,Maricopa,FY15,49.2065,3.435,3.083,3.38225,93.85925,86.689,80.379,85.16225,98.2785,94.2855,665975,66175
Arizona,Phoenix,Maricopa,FY16,51.574,3.54925,3.157,3.43575,73.4985,85.70125,87.111,83.40625,98.808,93.49,702689,68558
Arizona,Phoenix,Maricopa,FY17,54.25475,3.666,3.28375,3.4765,84.9215,86.335,77.16575,84.922,97.34025,91.848,790072,69639
Arizona,Phoenix,Maricopa,FY18,57.5465,3.675,3.3835,3.5755,90.621,83.507125,59.715,80.64675,92.89675,92.625,786392,72447
Arizona,Phoenix,Maricopa,FY19,58.16533333,3.662,3.401,3.63,93.96866667,84.766,63.06533333,70.177,89.89133333,91.362,863510,74017
Pennsylvania,Pittsburgh,Allegheny,FY15,58.16875,3.60825,3.38875,3.68675,90.92525,90.261,95.4185,97.432,99.834,91.565,352494,21562
Pennsylvania,Pittsburgh,Allegheny,FY16,59.23025,3.647,3.4245,3.6785,70.1615,90.023,95.91075,96.5815,99.84225,87.387,323240,21886
Pennsylvania,Pittsburgh,Allegheny,FY17,61.7145,3.7325,3.52425,3.707,75.86125,88.0715,94.6,88.89675,98.6065,91.182,344701,21861
Pennsylvania,Pittsburgh,Allegheny,FY18,64.4805,3.7965,3.601,3.787,79.41925,84.7075,86.722,80.739,95.799,89.622,333402,21720
Pennsylvania,Pittsburgh,Allegheny,FY19,65.22733333,3.799666667,3.631666667,3.822666667,71.72866667,84.64483333,84.70433333,80.687,96.79233333,92.042,346862,21413
Missouri,Poplar Bluff,Butler,FY15,64.32225,3.7415,3.5075,3.85625,98.32533333,89.1325,97.03575,87.89325,99.1645,94.5825,27921,1962
Missouri,Poplar Bluff,Butler,FY16,64.5645,3.72675,3.525,3.821,94.9435,87.147,97.343,86.8545,98.8795,87.918,32510,2205
Missouri,Poplar Bluff,Butler,FY17,65.78675,3.8225,3.6075,3.84375,91.09775,84.392375,98.634,94.17125,99.21875,92.702,36653,2206
Missouri,Poplar Bluff,Butler,FY18,64.9485,3.777,3.574,3.859,91.88175,82.522125,90.60425,83.8715,96.466,90.211,38223,2270
Missouri,Poplar Bluff,Butler,FY19,66.558,3.762,3.584,3.901,91.01233333,84.43783333,91.38833333,80.288,94.28466667,88.374,46597,2304
Oregon,Portland,Multnomah,FY15,59.097,3.5615,3.389,3.66775,95.801,89.738,71.44375,89.03925,96.48425,93.56225,194667,12552
Oregon,Portland,Multnomah,FY16,53.714,3.5335,3.23375,3.52575,92.6765,87.0885,66.1215,82.236,86.01275,91.926,185544,12488
Oregon,Portland,Multnomah,FY17,59.16975,3.702,3.4435,3.5895,84.51025,85.961125,76.712,74.4415,88.23,94.349,205622,12227
Oregon,Portland,Multnomah,FY18,64.736,3.7825,3.591,3.7835,82.667,80.615375,65.56625,71.7975,84.65475,90.008,211452,12278
Oregon,Portland,Multnomah,FY19,64.43766667,3.749,3.553666667,3.822666667,77.10233333,80.897,67.969,67.31633333,84.96,93.177,228401,12024
Arizona,Prescott,Yavapai,FY15,51.3355,3.45475,3.19825,3.4645,94.00125,87.189,88.50375,85.08325,99.89025,89.9825,165296,12671
Arizona,Prescott,Yavapai,FY16,60.9565,3.72725,3.43275,3.71275,91.66675,85.813,94.49825,84.3885,98.852,83.909,159851,12801
Arizona,Prescott,Yavapai,FY17,66.7265,3.9255,3.66025,3.839,92.81475,83.469125,85.85975,77.2915,92.7635,91.134,191322,12992
Arizona,Prescott,Yavapai,FY18,60.1695,3.7655,3.4405,3.6705,95.92725,80.7615,69.91925,67.5605,92.44,86.483,177639,13132
Arizona,Prescott,Yavapai,FY19,57.782,3.719666667,3.344333333,3.663333333,97.083,82.2015,68.802,68.22233333,90.503,84.871,200681,13004
Rhode Island,Providence,Providence,FY15,59.74625,3.6335,3.45325,3.73025,92.68425,83.942,93.178,98.54675,98.63275,93.93725,156561,10941
Rhode Island,Providence,Providence,FY16,63.42275,3.749,3.5345,3.802,80.71525,82.408,94.159,98.38475,96.3255,91.009,145662,10887
Rhode Island,Providence,Providence,FY17,68.94975,3.9585,3.72725,3.86825,78.2085,85.1015,91.42275,95.8035,98.32175,95.881,159057,10749
Rhode Island,Providence,Providence,FY18,69.347,3.925,3.7495,3.889,77.558,81.87275,79.8085,89.28175,96.7585,95.556,157187,10576
Rhode Island,Providence,Providence,FY19,72.38,3.964333333,3.801333333,3.979333333,77.924,80.28733333,77.65966667,90.59566667,97.07033333,95.305,167911,10498
Nevada,Reno,Washoe,FY15,59.20025,3.614,3.43475,3.6655,97.38225,91.35675,95.51175,90.4075,98.64125,96.07025,192054,13705
Nevada,Reno,Washoe,FY16,61.8355,3.70825,3.52175,3.75625,87.4,89.12975,99.513,94.54125,99.95575,96.5,182397,13803
Nevada,Reno,Washoe,FY17,67.27525,3.8615,3.739,3.851,88.96475,88.6895,97.759,94.18775,98.63825,95.099,202392,13848
Nevada,Reno,Washoe,FY18,66.4925,3.8175,3.721,3.858,86.0185,85.88025,91.93775,87.453,91.82025,95.191,193130,13741
Nevada,Reno,Washoe,FY19,66.59066667,3.825666667,3.729666667,3.888666667,80.31133333,86.39883333,91.41766667,83.91333333,85.10266667,92.784,224653,13899
Virginia,Richmond,Richmond City,FY15,55.30375,3.55575,3.30675,3.51,89.14475,90.2,80.60025,96.71775,94.254,90.8345,94135,4661
Virginia,Richmond,Richmond City,FY16,61.669,3.758,3.51375,3.72875,74.44275,88.33025,93.7205,93.2085,96.31625,87.683,98261,4809
Virginia,Richmond,Richmond City,FY17,65.2605,3.88825,3.66575,3.779,79.18675,86.970625,95.75525,84.728,98.98025,91.432,99831,4584
Virginia,Richmond,Richmond City,FY18,62.595,3.775,3.5635,3.726,89.416,84.326875,72.78975,68.41175,96.27525,89.425,92035,4472
Virginia,Richmond,Richmond City,FY19,63.03133333,3.783,3.591,3.792666667,87.46833333,84.28433333,64.702,62.458,93.03133333,91.098,101169,4440
Oregon,Roseburg,Douglas,FY15,43.5195,3.3425,2.8875,3.24625,92.16033333,86.90225,65.99325,81.47775,98.64025,93.64475,107740,6975
Oregon,Roseburg,Douglas,FY16,50.87466667,3.506666667,3.118,3.409666667,73.87933333,85.09266667,70.79966667,76.80766667,98.17233333,90.858,119607,7174
Oregon,Roseburg,Douglas,FY17,51.00775,3.6005,3.1695,3.352,80.74775,82.890875,75.3545,71.57125,94.53825,92.588,132010,7336
Oregon,Roseburg,Douglas,FY18,56.7725,3.7485,3.3775,3.589,84.1685,81.468375,61.1545,76.76625,94.928,92.288,133518,7369
Oregon,Roseburg,Douglas,FY19,60.85066667,3.776,3.469333333,3.733333333,79.49933333,84.38416667,75.91033333,78.081,95.80833333,87.931,142273,7248
California,Sacramento,Sacramento,FY15,58.6055,3.6375,3.3945,3.65775,95.70275,88.01,95.6285,84.53675,98.4305,97.157,279777,22676
California,Sacramento,Sacramento,FY16,59.514,3.7235,3.4535,3.68075,93.0455,88.379,93.44725,87.8115,97.1925,96.686,268180,22642
California,Sacramento,Sacramento,FY17,62.2585,3.82825,3.5565,3.6935,93.69575,86.69275,87.39625,84.191,97.41375,95.834,304100,23073
California,Sacramento,Sacramento,FY18,60.945,3.77,3.5095,3.6985,94.76975,83.8595,71.0985,73.1525,92.09475,95.431,302764,23252
California,Sacramento,Sacramento,FY19,62.68533333,3.77,3.569,3.788,95.317,84.28416667,72.556,72.65733333,87.59733333,94.838,363482,23365
Michigan,Saginaw,Saginaw,FY15,65.49625,3.73125,3.59475,3.867,95.3515,89.97375,99.79875,92.63725,98.666,96.129,44594,4061
Michigan,Saginaw,Saginaw,FY16,65.718,3.7585,3.60825,3.8465,90.89425,86.61,99.8055,84.267,99.74625,97.053,44958,4064
Michigan,Saginaw,Saginaw,FY17,67.21075,3.8425,3.6775,3.813,94.2895,84.981,96.7175,82.7765,99.05025,96.226,49660,4173
Michigan,Saginaw,Saginaw,FY18,67.7755,3.892,3.7085,3.919,95.547,83.451625,84.60825,75.68575,96.30125,96.075,53634,4414
Michigan,Saginaw,Saginaw,FY19,68.04266667,3.881,3.711666667,3.979666667,97.13633333,85.2885,84.243,76.84133333,94.55933333,94.512,59553,4363
Virginia,Salem,Salem City,FY15,58.518,3.5845,3.397,3.6055,93.19725,88.72725,97.9575,95.02,99.59375,90.09575,15078,772
Virginia,Salem,Salem City,FY16,58.9525,3.664,3.38825,3.644,83.83725,88.06425,97.81,86.547,99.3465,93.829,14049,779
Virginia,Salem,Salem City,FY17,62.80625,3.7895,3.5465,3.68375,86.153,87.662875,95.88775,75.53575,98.21675,95.838,17930,808
Virginia,Salem,Salem City,FY18,65.108,3.8195,3.66,3.821,94.22025,82.873875,89.1035,73.01275,95.87725,95.005,13616,746
Virginia,Salem,Salem City,FY19,67.119,3.854,3.716,3.924,94.909,84.4695,87.821,73.466,94.45833333,95.144,17553,829
North Carolina,Salisbury,Rowan,FY15,59.57675,3.6225,3.42525,3.66675,95.84275,89.63875,97.512,88.8995,93.3765,95.02175,82481,4991
North Carolina,Salisbury,Rowan,FY16,61.2555,3.68625,3.46625,3.7365,90.65175,87.65575,93.63925,86.0435,91.8815,93.354,75138,5088
North Carolina,Salisbury,Rowan,FY17,63.719,3.81725,3.58275,3.745,81.812,85.8055,91.973,81.39825,90.049,95.582,88736,5059
North Carolina,Salisbury,Rowan,FY18,62.732,3.768,3.5405,3.7355,78.154,82.611,75.883,71.47625,88.05025,94.644,95309,5030
North Carolina,Salisbury,Rowan,FY19,63.386,3.749,3.566,3.79,86.16866667,83.8365,61.085,64.50033333,85.74666667,90.885,99894,5078
Utah,Salt Lake City,Salt Lake,FY15,67.806,3.78625,3.68825,3.94825,92.01125,88.04725,80.107,88.437,96.79125,88.80075,245994,14196
Utah,Salt Lake City,Salt Lake,FY16,67.529,3.80775,3.652,3.922,77.69075,88.29075,91.41225,75.7705,91.37925,87.143,235258,14032
Utah,Salt Lake City,Salt Lake,FY17,72.50625,3.99575,3.82775,3.979,84.944,87.47325,81.77625,78.654,88.3665,95.196,253656,14008
Utah,Salt Lake City,Salt Lake,FY18,73.743,3.9735,3.881,4.061,80.26775,83.34,72.7045,77.66125,88.994,93.821,261041,13917
Utah,Salt Lake City,Salt Lake,FY19,71.95033333,3.905,3.803,4.052666667,74.88833333,84.02333333,66.21266667,76.643,88.388,93.73,278609,13750
Texas,San Antonio,Bexar,FY15,55.6385,3.54975,3.31425,3.5225,92.993,90.5465,95.99375,96.7815,96.024,93.05725,532327,51646
Texas,San Antonio,Bexar,FY16,59.49,3.694,3.43025,3.63925,71.861,88.63725,91.754,85.822,93.6815,88.56,515422,53166
Texas,San Antonio,Bexar,FY17,64.24775,3.86075,3.61725,3.73875,73.84625,87.5965,90.6835,84.09025,96.41825,93.555,567924,55452
Texas,San Antonio,Bexar,FY18,67.302,3.933,3.7415,3.8805,86.83975,84.878125,77.77975,76.69,88.47775,95.077,601199,57213
Texas,San Antonio,Bexar,FY19,68.368,3.937,3.772666667,3.928666667,91.96333333,86.43383333,79.907,75.35066667,84.30233333,94.529,662845,60082
California,San Diego,San Diego,FY15,61.61625,3.641,3.488,3.716,95.75825,88.849,95.40325,91.708,95.4685,94.942,703141,66912
California,San Diego,San Diego,FY16,60.0945,3.6665,3.45525,3.67875,82.9525,87.792,99.568,80.9225,90.65675,89.62,683134,66974
California,San Diego,San Diego,FY17,63.97675,3.847,3.58275,3.72325,87.80475,85.1,99.0785,78.63775,94.302,96.026,758712,67681
California,San Diego,San Diego,FY18,64.384,3.831,3.6105,3.776,86.92225,82.363375,96.518,72.27975,92.931,96.013,787076,69006
California,San Diego,San Diego,FY19,65.771,3.845,3.635,3.830666667,90.58466667,85.47766667,95.79433333,69.791,90.189,95.891,833124,69464
California,San Francisco,San Francisco,FY15,56.40775,3.5565,3.3655,3.67375,92.678,88.4705,95.1715,95.25925,97.27025,92.56525,223185,7151
California,San Francisco,San Francisco,FY16,55.7645,3.564,3.3235,3.605,73.076,87.306,92.0405,93.14475,97.856,95.42,228664,7127
California,San Francisco,San Francisco,FY17,56.76325,3.672,3.3875,3.54825,67.818,86.212,87.46975,90.489,97.1855,95.556,228558,7072
California,San Francisco,San Francisco,FY18,59.547,3.729,3.46,3.63,80.72575,81.9815,71.2355,75.03075,87.19825,95.244,230394,7013
California,San Francisco,San Francisco,FY19,65.76533333,3.859666667,3.643333333,3.846666667,73.971,82.55,77.83433333,74.67266667,83.094,93.609,247104,6829
Washington,Seattle,King,FY15,49.509,3.4605,3.1215,3.4425,89.07025,88.38375,91.69775,93.96425,99.758,93.6175,289662,20014
Washington,Seattle,King,FY16,50.2805,3.4915,3.146,3.42275,73.5575,86.22025,92.39875,88.4875,99.5,89.872,272794,20108
Washington,Seattle,King,FY17,55.717,3.68825,3.33225,3.51425,73.82425,83.5875,87.50075,81.8615,98.8235,93.798,285067,19916
Washington,Seattle,King,FY18,59.0825,3.723,3.425,3.66,83.2605,81.807875,68.85675,74.52725,97.16775,92.84,323468,20227
Washington,Seattle,King,FY19,59.562,3.688666667,3.402333333,3.704333333,71.62666667,82.57533333,61.133,74.734,97.45533333,93.349,343384,20125
Wyoming,Sheridan,Sheridan,FY15,56.984,3.5925,3.32925,3.62625,94.85,90.42575,97.0705,95.748,97.43525,95.523,50495,2049
Wyoming,Sheridan,Sheridan,FY16,53.392,3.58375,3.2255,3.53225,84.9125,86.6075,97.7925,91.021,93.6005,85.396,41717,1992
Wyoming,Sheridan,Sheridan,FY17,57.29075,3.727,3.37025,3.58175,75.84675,84.062875,87.9825,87.1595,92.624,94.657,46739,1954
Wyoming,Sheridan,Sheridan,FY18,64.217,3.7995,3.5675,3.8135,84.35425,82.963,72.71275,71.58725,89.17675,91.183,47068,1901
Wyoming,Sheridan,Sheridan,FY19,67.59133333,3.811,3.677333333,3.922333333,84.27466667,83.37716667,68.56,65.036,90.37866667,93.86,45090,1870
Louisiana,Shreveport,Caddo,FY15,58.8405,3.641,3.401,3.727,87.17675,85.89675,99.16775,98.772,99.4475,95.31775,88562,6688
Louisiana,Shreveport,Caddo,FY16,58.684,3.68675,3.4355,3.71,76.14475,84.8775,98.6885,96.77,97.66675,95.864,80477,6587
Louisiana,Shreveport,Caddo,FY17,58.72375,3.71925,3.373,3.5945,92.09425,85.24975,88.29975,88.69775,98.71425,97.104,84591,6428
Louisiana,Shreveport,Caddo,FY18,62.4585,3.782,3.517,3.73,87.7295,82.176375,67.7265,70.176,97.345,96.539,87295,6416
Louisiana,Shreveport,Caddo,FY19,64.86966667,3.828,3.606333333,3.834,87.20666667,84.481,68.40866667,72.67166667,92.841,96.044,93735,6499
South Dakota,Sioux Falls,Minnehaha,FY15,64.415,3.63375,3.53875,3.82525,93.742,89.308,97.321,93.05675,96.909,93.0165,69393,5070
South Dakota,Sioux Falls,Minnehaha,FY16,64.32825,3.65325,3.56525,3.82025,79.5995,87.492,99.5445,89.532,99.13675,94.898,61767,5066
South Dakota,Sioux Falls,Minnehaha,FY17,65.9265,3.749,3.67825,3.8255,87.21375,87.08575,95.87275,82.7765,97.507,97.238,68645,5182
South Dakota,Sioux Falls,Minnehaha,FY18,65.956,3.7225,3.6795,3.8135,90.273,86.09475,89.14675,75.913,91.09325,96.752,72178,5379
South Dakota,Sioux Falls,Minnehaha,FY19,65.9,3.701333333,3.653666667,3.840666667,80.914,86.91933333,87.40866667,73.17833333,91.404,96.577,76920,5640
Washington,Spokane,Spokane,FY15,61.65225,3.699,3.463,3.7325,96.82225,87.636,99.5115,90.37925,99.35525,95.28375,127221,13033
Washington,Spokane,Spokane,FY16,67.26025,3.8735,3.66525,3.89025,91.49225,88.35525,98.62425,83.41025,99.934,96.189,127432,13586
Washington,Spokane,Spokane,FY17,69.69875,3.97675,3.82875,3.86225,89.778,87.260375,87.652,80.95125,98.977,95.7,144851,14012
Washington,Spokane,Spokane,FY18,70.375,3.9775,3.7805,3.946,88.549,83.685875,77.972,75.9035,98.374,93.731,158751,14387
Washington,Spokane,Spokane,FY19,70.278,3.939333333,3.758,4.027666667,85.15233333,85.99683333,76.673,75.158,99.46266667,94.183,183018,14574
Minnesota,St Cloud,Stearns,FY15,54.6185,3.4515,3.2615,3.50875,NaN,93.18025,97.3015,92.81375,95.23525,96.86075,92227,5850
Minnesota,St Cloud,Stearns,FY16,56.1475,3.53925,3.31325,3.56775,72.88975,91.78425,99.26625,88.913,99.3035,96.96,88589,5870
Minnesota,St Cloud,Stearns,FY17,65.902,3.81175,3.65725,3.76225,84.917,89.93975,96.50625,86.26,92.65725,96.541,98727,5956
Minnesota,St Cloud,Stearns,FY18,68.0705,3.7765,3.7375,3.8665,83.88525,86.626125,80.72925,84.64625,89.7325,95.668,106462,6024
Minnesota,St Cloud,Stearns,FY19,67.41233333,3.734333333,3.691333333,3.898666667,93.1,87.35366667,84.88933333,80.07033333,89.14833333,92.47,111426,6142
Missouri,St Louis,St. Louis,FY15,54.8155,3.574,3.27875,3.547,93.4585,88.321,99.13275,97.32975,99.456,93.80025,177557,14335
Missouri,St Louis,St. Louis,FY16,56.2325,3.60325,3.31375,3.5615,80.84125,86.94425,97.64525,97.77225,99.48425,90.768,164746,14179
Missouri,St Louis,St. Louis,FY17,61.36425,3.77925,3.49125,3.6425,76.339,85.97825,86.97775,92.34425,98.72825,94.159,180317,14040
Missouri,St Louis,St. Louis,FY18,63.372,3.7895,3.5575,3.7465,70.08125,82.971125,66.63925,81.0735,94.73875,90.132,176430,14182
Missouri,St Louis,St. Louis,FY19,63.46266667,3.772333333,3.565,3.79,71.48733333,83.812,70.71933333,74.87266667,92.82533333,93.196,196111,14187
New York,Syracuse,Onondaga,FY15,65.21,3.71025,3.648,3.882,92.94625,90.5345,98.913,92.945,98.6825,95.67375,148959,9598
New York,Syracuse,Onondaga,FY16,66.2425,3.74125,3.66675,3.8825,79.7725,88.1585,96.885,91.52525,95.7045,94.496,133561,9535
New York,Syracuse,Onondaga,FY17,67.4765,3.83325,3.75425,3.86525,75.848,85.652375,91.96575,85.4365,94.46675,95.599,151598,9411
New York,Syracuse,Onondaga,FY18,64.51,3.758,3.6655,3.826,78.0865,83.99375,76.76375,73.0665,91.3155,96.036,148369,9365
New York,Syracuse,Onondaga,FY19,65.37666667,3.779333333,3.670666667,3.876666667,84.21466667,86.033,75.534,72.16833333,88.36366667,96.582,163398,9249
Florida,Tampa,"Hillsborough, FL",FY15,60.6425,3.64775,3.4715,3.75775,93.76075,89.10675,98.57675,91.50175,99.32175,89.4725,503238,33840
Florida,Tampa,"Hillsborough, FL",FY16,62.52325,3.71075,3.529,3.785,78.02375,87.668,99.2195,92.493,99.72,87.229,476061,34359
Florida,Tampa,"Hillsborough, FL",FY17,67.84375,3.92075,3.736,3.89175,71.35825,86.0655,95.97325,91.9185,98.98825,94.371,531310,35352
Florida,Tampa,"Hillsborough, FL",FY18,69.5425,3.9395,3.803,3.955,74.84225,83.510625,87.53125,87.5795,98.19475,87.99,549344,36873
Florida,Tampa,"Hillsborough, FL",FY19,70.918,3.964666667,3.849,4.026666667,87.302,85.52,85.50266667,85.57266667,97.498,86.055,600731,38545
Texas,Temple,Bell,FY16,59.97125,3.64325,3.403,3.657,69.96725,86.64825,90.359,86.557,98.113,94.803,244722,25679
Texas,Temple,Bell,FY17,63.65575,3.81725,3.55625,3.734,78.953,86.238125,86.20875,90.11575,97.16025,94.435,276864,26519
Texas,Temple,Bell,FY18,64.592,3.82,3.5995,3.755,82.48425,83.918875,70.278,75.5965,89.8505,94.38,288603,27987
Texas,Temple,Bell,FY19,64.602,3.811333333,3.604333333,3.786,86.31633333,85.98116667,75.6,65.54333333,89.592,93.151,305825,28363
Texas,Temple,Bell,FY15,57.06225,3.52875,3.28925,3.56375,88.11225,87.42825,87.4165,90.69125,98.1145,93.74775,223812,23275
Maine,Togus,Kennebec,FY15,57.82925,3.584,3.3815,3.67875,83.748,84.2575,95.91825,97.535,99.06225,94.27225,77633,5037
Maine,Togus,Kennebec,FY16,61.657,3.74025,3.491,3.80275,53.60125,84.688,97.47175,95.99275,98.7915,88.691,71133,5160
Maine,Togus,Kennebec,FY17,64.18825,3.87675,3.60925,3.78425,77.4185,86.699625,97.2025,91.693,98.5,94.676,80295,5260
Maine,Togus,Kennebec,FY18,65.928,3.8915,3.6415,3.837,84.3795,82.241625,88.18075,79.2275,93.398,93.458,85522,5287
Maine,Togus,Kennebec,FY19,67.69733333,3.883666667,3.659666667,3.905333333,84.04766667,82.13066667,82.324,78.58566667,92.944,89.969,95313,5387
Wisconsin,Tomah,Monroe,FY15,52.732,3.457,3.2185,3.462,95.85933333,91.0615,99.83775,94.95625,99.776,94.121,79245,2727
Wisconsin,Tomah,Monroe,FY16,53.101,3.48675,3.19475,3.44625,84.6365,89.27,99.4725,92.47875,99.43925,87.96,79628,2751
Wisconsin,Tomah,Monroe,FY17,59.31875,3.69825,3.42375,3.57175,58.93475,86.728625,98.49075,89.3115,98.545,94.116,81127,2727
Wisconsin,Tomah,Monroe,FY18,65.8895,3.7695,3.6225,3.7955,72.07625,84.201875,91.417,68.795,97.639,92.201,76696,2797
Wisconsin,Tomah,Monroe,FY19,64.48533333,3.72,3.579,3.819666667,87.53166667,84.7675,77.44666667,69.18566667,96.63733333,92.789,75731,2778
Kansas,Topeka,Shawnee,FY15,61.76875,3.69,3.47275,3.7745,90.65975,87.4465,96.21275,94.1045,99.59425,90.7605,95513,5937
Kansas,Topeka,Shawnee,FY16,60.178,3.66025,3.47675,3.728,73.04525,86.37975,96.511,83.25225,98.3835,90.512,81975,5856
Kansas,Topeka,Shawnee,FY17,61.47425,3.73725,3.54975,3.7045,66.4685,84.610875,92.6905,86.898,94.90625,94.297,127073,10110
Kansas,Topeka,Shawnee,FY18,61.81,3.7415,3.509,3.7355,65.9945,80.51775,79.33175,73.87375,89.5335,96.291,90001,5807
Kansas,Topeka,Shawnee,FY19,62.27133333,3.744,3.523333333,3.791333333,62.71333333,82.53283333,84.26266667,79.643,89.18033333,93.373,93832,5739
Arizona,Tucson,Pima,FY15,60.02875,3.55975,3.47025,3.66325,96.8675,89.47475,98.524,98.13525,98.81825,95.29,369457,30354
Arizona,Tucson,Pima,FY16,63.35025,3.70625,3.59075,3.76275,88.4965,88.17725,94.71525,91.40575,98.67325,95.189,359714,30575
Arizona,Tucson,Pima,FY17,67.787,3.87675,3.7125,3.8245,83.89425,86.6635,86.34675,86.33,99.01875,96.345,403671,30916
Arizona,Tucson,Pima,FY18,71.1445,3.937,3.8255,3.963,80.21925,83.850625,53.8825,82.96125,93.60575,94.848,409833,31323
Arizona,Tucson,Pima,FY19,70.72533333,3.925666667,3.812,3.997666667,90.34633333,83.46366667,67.55333333,79.89766667,92.499,94.919,451020,31737
Alabama,Tuscaloosa,Tuscaloosa,FY15,64.87075,3.74925,3.5745,3.859,NaN,87.83325,99.1335,99.882,99.7605,93.99525,81652,5295
Alabama,Tuscaloosa,Tuscaloosa,FY16,67.7875,3.834,3.658,3.94625,81.47375,86.8045,98.965,91.5685,98.798,88.283,76817,5371
Alabama,Tuscaloosa,Tuscaloosa,FY17,68.24875,3.87125,3.70025,3.8935,66.17775,86.0095,95.48975,85.04475,96.31525,96.292,80132,5263
Alabama,Tuscaloosa,Tuscaloosa,FY18,70.017,3.8945,3.7135,3.9095,57.8885,82.713375,76.313,73.0095,92.27375,94.726,87061,5302
Alabama,Tuscaloosa,Tuscaloosa,FY19,70.24066667,3.911333333,3.732666667,3.987666667,87.681,83.72816667,80.04,71.213,93.28766667,94.03,90885,5265
Washington,Walla Walla,Walla Walla,FY15,49.7525,3.542,3.10425,3.43325,NaN,87.16,96.212,89.87575,99.6345,97.13325,23564,1836
Washington,Walla Walla,Walla Walla,FY16,48.95275,3.5025,3.1255,3.4225,NaN,85.62275,92.40025,87.43,98.02775,98.146,23431,1876
Washington,Walla Walla,Walla Walla,FY17,52.02025,3.6325,3.2285,3.42825,NaN,86.014875,88.52825,89.365,97.26875,95.393,24997,1916
Washington,Walla Walla,Walla Walla,FY18,56.82,3.6115,3.344,3.575,NaN,82.785625,74.4415,89.97275,97.00425,96.869,27118,1998
Washington,Walla Walla,Walla Walla,FY19,61.54833333,3.726,3.456,3.731,NaN,84.48466667,77.17033333,89.534,95.08,92.215,30177,2017
District of Columbia,Washington,District of Cloumbia,FY15,49.3385,3.49025,3.147,3.36675,93.25125,89.81475,95.69525,96.6155,97.896,94.40275,239825,8580
District of Columbia,Washington,District of Cloumbia,FY16,53.31625,3.64975,3.286,3.49125,79.59325,89.13,95.56825,95.22,98.60375,96.009,231257,8595
District of Columbia,Washington,District of Cloumbia,FY17,59.204,3.86575,3.5235,3.656,73.332,85.886875,88.96375,91.082,95.74575,96.736,193324,8261
District of Columbia,Washington,District of Cloumbia,FY18,45.742,3.5265,3.052,3.255,68.857,81.658375,63.28825,73.41325,88.39,96.45,311979,8081
District of Columbia,Washington,District of Cloumbia,FY19,47.648,3.551,3.123333333,3.307,66.53166667,81.68933333,66.51366667,73.003,89.63333333,96.752,246194,7885
Florida,West Palm,Palm Beach,FY15,63.409,3.71175,3.559,3.80925,91.678,91.90025,99.6915,96.8685,98.5975,92.237,341829,31913
Florida,West Palm,Palm Beach,FY16,60.22325,3.6765,3.462,3.73475,60.36825,88.99675,99.58425,87.57475,97.6025,86.074,319020,30860
Florida,West Palm,Palm Beach,FY17,57.61225,3.65575,3.432,3.647,65.30425,87.799375,98.37,85.07375,95.008,91.733,338115,30035
Florida,West Palm,Palm Beach,FY18,62.728,3.824,3.615,3.76,79.9205,85.8155,94.9915,81.80925,89.2235,89.939,343816,29350
Florida,West Palm,Palm Beach,FY19,66.333,3.893333333,3.704333333,3.862666667,74.062,86.22616667,95.10733333,80.743,88.792,88.036,374711,28771
Oregon,White City,Jackson,FY15,61.855,3.69425,3.41225,3.736,NaN,87.14825,98.7715,86.46725,96.708,97.25975,115209,8579
Oregon,White City,Jackson,FY16,59.17025,3.6845,3.39975,3.6415,NaN,84.23,96.627,87.106,98.361,97.044,90541,8290
Oregon,White City,Jackson,FY17,59.46,3.7735,3.449,3.587,NaN,84.370375,91.41875,88.0795,94.966,94.49,103332,8213
Oregon,White City,Jackson,FY18,63.9495,3.8765,3.552,3.7515,NaN,84.63425,77.28475,88.62475,93.0645,92.795,100859,8159
Oregon,White City,Jackson,FY19,69.60033333,3.980333333,3.714,3.997333333,NaN,84.32466667,62.539,84.313,92.919,91.935,114493,8148
Vermont,White River,Windsor,FY15,63.4895,3.63025,3.57075,3.83325,90.445,85.81225,99.77725,97.38225,99.80025,95.9905,33020,2008
Vermont,White River,Windsor,FY16,64.094,3.6585,3.58525,3.82875,76.0955,85.8475,98.3895,97.14775,99.90775,94.188,32288,2041
Vermont,White River,Windsor,FY17,66.60175,3.812,3.69375,3.8075,82.466,84.89725,97.1155,93.6115,99.5325,94.911,34075,2006
Vermont,White River,Windsor,FY18,64.061,3.773,3.578,3.774,81.91425,81.938125,93.97325,76.57975,98.038,94.473,33631,2000
Vermont,White River,Windsor,FY19,67.76833333,3.822333333,3.637333333,3.907333333,79.301,82.688,88.16866667,72.48633333,98.11766667,95.82,37982,1968
Kansas,Wichita,Sedgwick,FY15,54.71675,3.511,3.22975,3.57775,95.354,90.99975,99.52075,90.1925,98.351,93.54925,117578,9868
Kansas,Wichita,Sedgwick,FY16,55.199,3.592,3.2645,3.5775,84.78,89.074,99.10375,89.087,97.71325,90.674,117688,10025
Kansas,Wichita,Sedgwick,FY17,57.241,3.7155,3.3935,3.5795,86.0015,87.4015,98.54725,87.74625,97.13425,93.284,91726,5812
Kansas,Wichita,Sedgwick,FY18,60.8805,3.732,3.4875,3.725,94.2085,84.801125,94.27075,84.4185,93.7115,95.605,129846,10278
Kansas,Wichita,Sedgwick,FY19,64.68366667,3.766666667,3.586,3.830333333,92.193,85.75416667,89.83366667,79.696,89.952,95.209,154886,10806
Pennsylvania,Wilkes Barre,Luzerne,FY15,55.39775,3.55975,3.39475,3.62125,89.49275,91.617,98.4285,98.6745,99.4485,96.278,104097,7584
Pennsylvania,Wilkes Barre,Luzerne,FY16,50.97725,3.41475,3.17675,3.4155,71.58675,88.47925,94.622,94.4225,96.95425,94.742,95884,7508
Pennsylvania,Wilkes Barre,Luzerne,FY17,56.2405,3.56675,3.36825,3.49325,75.05375,87.1715,93.9745,88.68775,89.774,96.547,108946,7437
Pennsylvania,Wilkes Barre,Luzerne,FY18,61.0705,3.7325,3.558,3.6595,80.35075,84.69525,78.318,74.71425,85.59575,95.67,103095,7376
Pennsylvania,Wilkes Barre,Luzerne,FY19,64.21766667,3.780333333,3.634666667,3.796,79.10866667,85.85683333,84.96,73.881,88.67466667,96.101,110697,7270
Delaware,Wilmington,New Castle,FY16,45.79,3.40125,3.05075,3.24775,87.42925,88.112,94.94775,93.487,94.383,97.43,104514,7866
Delaware,Wilmington,New Castle,FY17,51.25875,3.59,3.24275,3.3535,85.983,86.136625,94.684,88.11475,92.02225,96.867,124391,7898
Delaware,Wilmington,New Castle,FY18,56.542,3.635,3.348,3.5,85.94525,82.191625,85.01875,74.9225,91.942,97.363,120781,7986
